0.0,0.0002557762810128741,0.00034102050385779445,0.0005114871488853843,0.0005967095729264342,0.000937526634279383,0.000937526634279383,0.0010227127455575914,0.0011078915970683485,0.0011078915970683485,0.0012782275244993609,0.0014485344239945467,0.0014485344239945467,0.001789061168853297,0.0018741747241981515,0.0020443800843306784,0.002129471890971039,0.00221455644989566,0.0023847038283013244,0.0024697666496337933,0.002639870561185387,0.002894972114606837,0.003150008513536523,0.003404979782932539,0.0035749244584415032,0.0037448402059662112,0.003914727032892217,0.003999659603438005,0.004169503063308373,0.0045939852822323365,0.004763727616860193,0.004933441075149917,0.0051879571355672735,0.005357598435241092,0.0055272108843537416,0.0057815754793181144,0.006290110076926346,0.007137091635158673,0.008659846330177867,0.010264675941635562,0.016071050962148444,0.021509911429776464,0.028494578465159282,0.037977330712284076,0.04923691104919532,0.06253097637535107,0.07840406357529084,0.09479327430752985,0.11477715709520556,0.13501371605772672,0.1636328048541789,0.1807252278456467,0.19860988441304098,0.21587494770471227,0.2340097127583481,0.24884276541735106,0.2668292322470997,0.2824399531341535,0.2994997462480969,0.3140454284071305,0.3292969584728257,0.3446840043755955,0.3578954737984388,0.3675528953229399,0.3778830526643383,0.3885262796289935,0.40317254995404567,0.4140775550221441,0.42223866541100497,0.4302636862535136,0.443131658424878,0.45655249564044353,0.46478596674957456,0.4719869706840391,0.4793672404291873,0.4852105399121674,0.49579939716539473,0.5012300712482827,0.5066692133829943,0.5133893202345112,0.5206559444970041,0.5294670846394984,0.535526973026973,0.5411289068574094,0.5461025879435921,0.552428562611862,0.5586997265492979,0.5654434250764526,0.5692936440161035,0.5738173416028214,0.578226344183791,0.584447327921784,0.5905717633626777,0.5943305765312238,0.5987394330435821,0.6022050059594756,0.6064818940676707,0.6111440075793463,0.6157750302458025,0.6191163050837479,0.6226841657124402,0.6266760348966567,0.6299249393965946,0.6326804243908126,0.6354248480088431,0.6393038433647571,0.6424540587469252,0.6458634028058426,0.6506543937868546,0.6535977727390144,0.6558354107567552,0.6590629734442444,0.6608621181844133,0.6628089279096947,0.6661927779357407,0.6681619442393958,0.6709918689973652,0.6735097839610904,0.6757191655139316,0.6791496550753203,0.680969519739062,0.6831541419869186,0.6858839678404348,0.6875017486919784,0.6897380034634937,0.6913098061096388,0.6937877648762286,0.6949506190012519,0.6964012783104071,0.6981016873889876,0.6997255869390471,0.7014892321319826,0.7032839451570102,0.7042152367272526,0.7057525175886329,0.7068585290550226,0.7085317842689205,0.7103425523725738,0.7122189584648749,0.7138783791193727,0.7150761476936562,0.7170440870801882,0.7179907627558689,0.7190759652667795,0.7204386132402281,0.7217635357911659,0.7231899836690255,0.7239540830205103,0.7251678125934179,0.7265866768011293,0.7272776602094525,0.7284161448591797,0.7293461184246167,0.7310990289161189,0.7322992108961194,0.7331893059681339,0.7346927766089443,0.7357839702473994,0.7370433190641574,0.7380625722970974,0.7394190202348642,0.7406711409395973,0.7418195472588778,0.7433362801039406,0.7441773304063822,0.7449501030045215,0.7460236841401802,0.7474299751675523,0.7484993196915936,0.7492000853242321,0.7501998188309267,0.7512644412500665,0.7521281123643329,0.7529905896113562,0.7544143809245639,0.755438819908734,0.7559998939245273,0.7566593336690609,0.7574168255986438,0.7581733951025811,0.7587320067739204,0.7595197799873069,0.7601427249900885,0.7608632485405605,0.761354034643008,0.7617790682328098,0.7623017862325532,0.7633132974797006,0.7643557054051207,0.7651688646713523,0.765721201915487,0.7662081481286658,0.7669216413006334,0.7672456836517488,0.7679579776756402,0.768798719193722,0.7691863668564531,0.7697996433441728,0.7702511403554764,0.7709277648230146,0.7716358113592919
0.0,0.00017052479004135227,0.00017052479004135227,0.00034102050385779445,0.00034102050385779445,0.00042625745950554135,0.0005114871488853843,0.0007671326287078077,0.0010227127455575914,0.0011930631897396566,0.001363384602275148,0.0016188123029735027,0.0017039403620873268,0.001789061168853297,0.001959281029048471,0.0020443800843306784,0.002129471890971039,0.0023847038283013244,0.0025548222269533745,0.002894972114606837,0.0030650036184070497,0.0032350061720512495,0.003404979782932539,0.0035749244584415032,0.003914727032892217,0.003999659603438005,0.004169503063308373,0.0042544139544777706,0.0045091032839884295,0.0045939852822323365,0.004678860059549128,0.005103125664469487,0.005442408265657553,0.005612006292249479,0.005696794490264433,0.005696794490264433,0.005951115834218916,0.006205372322339341,0.007137091635158673,0.010011453781869087,0.014307483914663055,0.02084212302759261,0.02907440863829251,0.0402723816685466,0.05320385126162019,0.06716110424392253,0.08772573478455832,0.10188557093145585,0.11598859391943452,0.1461429023079355,0.16528473091364204,0.18628209093721002,0.20164845696760592,0.22155665921067597,0.2375925160611639,0.25846450846450847,0.27764723160522836,0.29169701383831026,0.30404916847433117,0.31875851193462834,0.33351095953675086,0.34637619853355894,0.36242407316902886,0.372649691250954,0.385197934595525,0.4026288010351755,0.415470359736531,0.4281070937908387,0.4391428761562521,0.4451957177422028,0.457922419460881,0.467143744077378,0.4744219324205665,0.48354561324109396,0.49183384773662553,0.5017087738349996,0.510746372900727,0.5181792336608018,0.5243323162100098,0.5293748824377704,0.5365321020777438,0.5431677018633541,0.5496088798194354,0.5562600024621446,0.5613518569632288,0.5648289787676681,0.5710804471656158,0.5761549201724033,0.5816653564733628,0.5869205048648974,0.5913758933397394,0.5956771644114477,0.5996596913340697,0.603910597898872,0.6086311730683672,0.6134428943012532,0.6172846784177327,0.6210241636780528,0.625106245786805,0.6288436805799135,0.6322817657006239,0.6361389736880361,0.6389485289850868,0.6423754811449078,0.6460978988686216,0.6502661487555748,0.6534431782300427,0.6565283386316121,0.659216280332695,0.6618934877485239,0.664712077652216,0.6673674043351041,0.6699744825630848,0.6717820941163146,0.673922261484099,0.6762796997573226,0.6784054092125652,0.6815997301930806,0.6841514726507714,0.6856630523101062,0.6880890455015801,0.6902867353491359,0.6931327482936342,0.6946600996187773,0.6962563575220255,0.697812569398179,0.6994732464652066,0.7012016169223102,0.7026742996211178,0.7043583936364138,0.7055025111761135,0.7068941753728257,0.7081049819613892,0.7094555558612341,0.7103425523725738,0.7125017153835598,0.7140546615861181,0.7159202890616446,0.7176052487698196,0.7189010568861458,0.7195654547439677,0.7208224258289704,0.7224945533769063,0.7234679438336781,0.7244398520774418,0.7259987507129084,0.7281058510926739,0.7295181864962219,0.7306870146386341,0.731716549057777,0.7330524496299897,0.7360564746456862,0.7370093155995907,0.7387750712480508,0.7401976581802556,0.7413131557058145,0.7423592493297587,0.7432016075016745,0.7443790149892934,0.7451515394698125,0.7461577526528212,0.7470954301434256,0.7484993196915936,0.7495335074905368,0.7506325405491784,0.7516632071956996,0.7523936170212766,0.7528248212054343,0.7539511780487157,0.7546458532441329,0.755570882852292,0.755900917625842,0.7566263782866837,0.7577129842959668,0.7588962086938117,0.759618181337423,0.7604703395428722,0.7611250495180245,0.7621384842727464,0.7628566907537317,0.7632806938915399,0.7637695672798187,0.764127828858972,0.7650388311175464,0.7655263157894737,0.7666947102744768,0.7673104716857181,0.7676990569259463,0.7683784919134635,0.7689279622096837,0.7696705832983634,0.7707023060796646,0.7715393075996438,0.7720216748252664,0.772471542587989,0.7732098959150583,0.7736588936526194,0.7741716316504651,0.774715946193026,0.7755794529129254,0.7762183032453303
0.0,0.0,0.0,8.526603001364257e-05,0.00017052479004135227,0.00017052479004135227,0.00034102050385779445,0.000681924732557644,0.0008523332623055614,0.0008523332623055614,0.0008523332623055614,0.0011078915970683485,0.0012782275244993609,0.0014485344239945467,0.001789061168853297,0.001959281029048471,0.00221455644989566,0.0023847038283013244,0.002724911653254992,0.002724911653254992,0.002979991485738612,0.003150008513536523,0.003150008513536523,0.0032350061720512495,0.003404979782932539,0.0035749244584415032,0.0037448402059662112,0.003914727032892217,0.003999659603438005,0.004084584946602562,0.004084584946602562,0.004339317621032928,0.0045091032839884295,0.0045091032839884295,0.004763727616860193,0.0051879571355672735,0.005696794490264433,0.006459563979431388,0.009589273591310251,0.012203906945209543,0.017412619923080176,0.02791440702904948,0.038551597257066396,0.0555440414507772,0.07824662023760753,0.10311362717347351,0.1171229027855824,0.13730940279542567,0.15307689279105477,0.1707935270033145,0.19041006056397794,0.21077122587535282,0.2240478534110699,0.24497736540835796,0.26020843377962394,0.27777369850943534,0.29374749936347433,0.31107110711071106,0.32846351197263396,0.34193411565106746,0.35461241669589616,0.36533435550754434,0.3761423428413182,0.3889690225977059,0.3995769506328682,0.4094530905638626,0.4195808907755542,0.4293176186968459,0.4383114721352953,0.4484868529849512,0.4566032769625584,0.46403195704135425,0.47263373815648096,0.48005702621261703,0.48877291324377437,0.49536517304423133,0.5023784439549213,0.5104626424919824,0.517101852437251,0.5231708852789321,0.5290520836599668,0.5357098264452491,0.5409927842746952,0.5452459219748186,0.5526965321485869,0.560159607120933,0.565092377340022,0.5732534444478239,0.5790876597806991,0.5824368427414481,0.5879413623912585,0.5919678232680994,0.5978598756575801,0.6020383835975682,0.6054047626125992,0.6083422332977335,0.6121301775147929,0.6160608921406656,0.619563298216703,0.62438051670039,0.6281620119900571,0.6308846277325395,0.6353057543492174,0.639895621919397,0.6439845059836966,0.6474251773254137,0.6496833621185952,0.6524374479331246,0.6552188745234068,0.6579504491617555,0.6606327089995432,0.6637231163651901,0.6658134243458476,0.6681997558413537,0.6700876024154453,0.6728342669609008,0.6750458974721084,0.6779957163792132,0.6810807771248629,0.6839299741892043,0.6855157340207919,0.6876853354221452,0.6898111942799687,0.6912367826353821,0.6932783642998412,0.6946600996187773,0.6959301679083731,0.6973786515605909,0.6988961002940034,0.7008419186883793,0.7034631436389265,0.7059310344827586,0.7071436445816338,0.7096330527589811,0.7108741652697244,0.7125723852128331,0.7139841543986621,0.7149001451935457,0.71676332202648,0.7177805111384448,0.7193207567774168,0.7206828842587543,0.7219028417295589,0.723433205431736,0.7249945640356599,0.7273467173087358,0.7281058510926739,0.7301028695181375,0.7308587197662464,0.7314421698802023,0.7325732194963795,0.7337364357825407,0.734453826854075,0.7359202371328483,0.7374512178710806,0.7384698130966788,0.7398253861652115,0.7413469278239871,0.7420557239012094,0.743235278358249,0.7449501030045215,0.7455877633971548,0.746291792500735,0.7475303038393764,0.7482989566934386,0.7491667333280004,0.7501332196525632,0.7509651995633304,0.7516632071956996,0.7525926713822262,0.7531563139568881,0.7537856649487275,0.7545466613566972,0.7554718382723583,0.7563297012115909,0.7570217276099629,0.7579761179803542,0.7587320067739204,0.7594213630232989,0.7600444068513428,0.7615175436280592,0.7622691292875989,0.7631502623460859,0.763736987745421,0.7640952682052904,0.7646485660864298,0.7650388311175464,0.76546134007053,0.76614324416739,0.7668892276957048,0.767893257689176,0.7686048037800236,0.7691217758652358,0.7695414961703914,0.7701221750301505,0.7707023060796646,0.7715071363100694,0.772118102816459,0.7726000156989978,0.7734344358739704,0.7739153162571877
0.0,0.0002557762810128741,0.00042625745950554135,0.00042625745950554135,0.0008523332623055614,0.000937526634279383,0.0011930631897396566,0.0011930631897396566,0.0014485344239945467,0.0016188123029735027,0.001789061168853297,0.0018741747241981515,0.00221455644989566,0.0022996337620304914,0.0024697666496337933,0.002639870561185387,0.002894972114606837,0.003150008513536523,0.003150008513536523,0.0032350061720512495,0.0034899557371467485,0.0035749244584415032,0.0035749244584415032,0.0036598859477402334,0.003999659603438005,0.004169503063308373,0.0045091032839884295,0.0045939852822323365,0.004678860059549128,0.004678860059549128,0.004933441075149917,0.0051879571355672735,0.005612006292249479,0.0057815754793181144,0.005951115834218916,0.006374840628984276,0.006713690830288094,0.007137091635158673,0.007644935230409854,0.009335879482283047,0.012540778714570181,0.01699357456881975,0.0225941069847827,0.030481148711058864,0.04133611691022965,0.0557052265097194,0.07761658880419638,0.09541209906617945,0.1328610093934087,0.14672882427307207,0.16657547096068162,0.18684291898577612,0.20872155185581182,0.22693427070340552,0.24799253034547153,0.2629142751342344,0.2869558866491382,0.3060701260246272,0.319240415621641,0.33487150362061624,0.3514320857494289,0.36670032380488143,0.3816883430503329,0.3980466482259331,0.4108001897147503,0.4239879052578532,0.432780970199118,0.4422010427390164,0.4503831923890063,0.4590874749531912,0.467644464769869,0.4762059444534676,0.4827117766924346,0.49163987138263665,0.4999360450243029,0.5051464261814473,0.5137190292123439,0.5201425912489352,0.5271585557299843,0.5339250554739506,0.5386748076383914,0.5450203157470301,0.5511319764030022,0.5572368825736606,0.5617488349276428,0.568070818070818,0.574987089522768,0.5808071640346101,0.5861965039180229,0.5916719205019665,0.5972309440507162,0.6010795335937733,0.6048240787556137,0.6105680943072093,0.6143030159808585,0.6178143139161437,0.6209430856067732,0.6242594873599625,0.6277607137633465,0.6308047050582295,0.634511265063748,0.6383164005805515,0.6420217693376563,0.645159426987061,0.6477371000288268,0.6508484325568018,0.6534431782300427,0.6556042759292695,0.6573358520808289,0.6598674437207176,0.6626183145170487,0.6656995761868191,0.6680863145939807,0.6720828851271019,0.6742970185106684,0.6759434361681109,0.6789264693457997,0.6804871874208883,0.6819331272829446,0.6840776481149012,0.6856998767230752,0.6878688708008167,0.6899209651744073,0.6911637510114115,0.6927685662533092,0.6941513793391421,0.6954949944382648,0.6974871581285575,0.6990765134917774,0.7013094875557155,0.7033556304936702,0.7052881430779422,0.7068585290550226,0.7084962281812676,0.7103070959227998,0.711546912766425,0.7135609488550665,0.7156741957563313,0.71676332202648,0.7178506026730807,0.7187960889277326,0.7203688043863717,0.7217635357911659,0.7238152238968388,0.7254102814911423,0.7273467173087358,0.7287607381913769,0.7301372458785631,0.7320593561640133,0.7331550946555403,0.7346245144583513,0.7351704055220017,0.7363288615915091,0.7379607210115685,0.7388428863318637,0.7400284708979077,0.7409753348184331,0.7420557239012094,0.7429321756840046,0.7437401247958009,0.7448157760950419,0.7457554610839282,0.7466267667726507,0.7473296304208502,0.7485327072884431,0.7494668372787374,0.7503995737879595,0.7509984557218169,0.7515303135146644,0.7528911338561743,0.7539511780487157,0.7543482301707427,0.7550094216937817,0.7560658693749834,0.7572193080061463,0.7578116724923207,0.7589290438647548,0.7598477237878708,0.7605030914759816,0.7614848452846129,0.7620731514223887,0.7626608989238236,0.763736987745421,0.7642255005268704,0.7648437294294215,0.7652988708446292,0.7658510918179426,0.7664028190496226,0.7668243953732913,0.7674400273259938,0.7685401517339143,0.7689279622096837,0.7693155285043419,0.7702189015598374,0.7708633564784488,0.7711531408812281,0.7716679759099241,0.7726963528857725,0.7733702899877102,0.7743317743579025,0.7748439499595184
0.0,0.00017052479004135227,0.0005114871488853843,0.000681924732557644,0.0008523332623055614,0.000937526634279383,0.0011078915970683485,0.001363384602275148,0.0015336769905849273,0.001789061168853297,0.001959281029048471,0.00221455644989566,0.0023847038283013244,0.002724911653254992,0.0030650036184070497,0.003150008513536523,0.0032350061720512495,0.0034899557371467485,0.0036598859477402334,0.003829787234042553,0.0042544139544777706,0.0045091032839884295,0.0045939852822323365,0.0045939852822323365,0.004933441075149917,0.005272781392184378,0.005442408265657553,0.005612006292249479,0.0057815754793181144,0.005951115834218916,0.0061206273643048415,0.006205372322339341,0.006459563979431388,0.006798385383471425,0.006883072739632903,0.007560312606184166,0.008575309899813211,0.010011453781869087,0.012372357103512564,0.017077397810373252,0.023010788941335132,0.03188588210614642,0.043052021192274,0.0555440414507772,0.06771841660831239,0.08225338293610236,0.09711179620314782,0.1171229027855824,0.13649545147578754,0.1535857671416201,0.17143525376159663,0.19096833905364236,0.20714695203516148,0.22364435019691004,0.2390480123127745,0.2550959678619253,0.26561171294413427,0.2793529692256905,0.292256725763588,0.30453954026311986,0.32092490514711147,0.3391162724826512,0.35467012731928027,0.36556217553395354,0.37821953327571306,0.3889690225977059,0.39946774028455423,0.41252115059221656,0.42128289695093224,0.42926502595010885,0.4402846123154675,0.45053674649050374,0.4591887009361143,0.46954422367948845,0.47576033272680013,0.482368165642187,0.48750604546187326,0.49163987138263665,0.49738941029501266,0.5051464261814473,0.5108881975747571,0.5171955999494247,0.5224731487605909,0.5287752861847264,0.5352983420239174,0.5419904270528999,0.5486216391819561,0.5544804634537163,0.5584782742302256,0.564038202522346,0.5678522362998015,0.5745540733537938,0.5791737339471771,0.5832074901842343,0.5899362750991944,0.59504627272455,0.5996596913340697,0.6032454965014143,0.6062748826430566,0.6092911565029202,0.6133199326022052,0.6190350025022815,0.6224414882682877,0.624985344120061,0.6280015208680647,0.6314038977710351,0.6349483486105049,0.6379210220673636,0.6411957245894042,0.6436708494766669,0.647152126892574,0.6517015405840423,0.6536364158199873,0.6568360773085182,0.6619316561127275,0.664065614854474,0.666116924476797,0.6675945124549095,0.669182104456864,0.6710671690416159,0.6729093583795406,0.6748587570621469,0.676391749668463,0.6784054092125652,0.6807098461624996,0.6825994158616041,0.6837822671156004,0.6853683827032481,0.6869874324740393,0.6900307176766266,0.6919301767888015,0.6932055603532329,0.6950232286421676,0.6969082474513181,0.6990043542169343,0.7010937283677142,0.7034273079049198,0.7045015189174261,0.7061451897616946,0.7076066892580654,0.7089583046649236,0.7103070959227998,0.7116176874485032,0.7130668568763545,0.7153576514404645,0.716798424378368,0.7179907627558689,0.7199497912516714,0.7210316811167458,0.7240929119295001,0.725583417099079,0.7268631601802095,0.7283816752507455,0.7290362784144788,0.7302747327107864,0.7317508381096571,0.7324704801534762,0.7334629299638209,0.7343513921864883,0.7351704055220017,0.7364309764309764,0.7377569691098913,0.7385037379659012,0.7395206362854686,0.7415157612340711,0.7420894561836319,0.7431342603756397,0.7437064809855383,0.7441773304063822,0.7449836802397132,0.7459231139389403,0.7468276654288997,0.7476640504031181,0.7485327072884431,0.7491333795530905,0.7499000666222518,0.7506658144242037,0.7510649627263046,0.7519953176545706,0.7527916622354568,0.7539180789459704,0.7548111379502561,0.7555048548840664,0.7562637537449957,0.7570875947220603,0.7577129842959668,0.7583377448385389,0.7589290438647548,0.759552582172039,0.7604048304838411,0.7608305156382079,0.7616156282998944,0.7626608989238236,0.7632806938915399,0.7638672955809113,0.7641603877970389,0.7646485660864298,0.7650713420733954,0.76614324416739,0.7669216413006334,0.7676343097333509
0.0,0.00017052479004135227,0.000681924732557644,0.0007671326287078077,0.0010227127455575914,0.0011930631897396566,0.001363384602275148,0.0014485344239945467,0.0016188123029735027,0.001789061168853297,0.0020443800843306784,0.0023847038283013244,0.0023847038283013244,0.0023847038283013244,0.0025548222269533745,0.0025548222269533745,0.0028099455040871933,0.002979991485738612,0.0032350061720512495,0.0033199965948752875,0.0034899557371467485,0.0036598859477402334,0.003829787234042553,0.004084584946602562,0.004169503063308373,0.004169503063308373,0.0045939852822323365,0.004678860059549128,0.004678860059549128,0.004848587955086765,0.004933441075149917,0.005103125664469487,0.005272781392184378,0.005272781392184378,0.005357598435241092,0.005696794490264433,0.005951115834218916,0.005951115834218916,0.006205372322339341,0.006883072739632903,0.008490766291657821,0.013130029648454045,0.018166455428812844,0.026670031970385328,0.03748483453959754,0.04663751821778055,0.06787758968656041,0.08428962306529995,0.1050292870127247,0.12562432572821353,0.14269311478006097,0.1662887968102572,0.18487850177991022,0.22040971168437026,0.23957668780725785,0.25872308834446917,0.27333627797408716,0.28801868544943615,0.3084523294389153,0.3263165406022549,0.33888101983002833,0.3512582595248137,0.37281903638697145,0.3868638239339752,0.397554143608663,0.4073470496367217,0.42186711522287634,0.43246675131992246,0.4389351081530782,0.4500247811002809,0.45868243798258584,0.4694942903752039,0.4780845472536742,0.48760357223458106,0.4971968604837418,0.5051464261814473,0.5136719368841292,0.5236821400472069,0.530572609948628,0.5378093635060158,0.5440268164747509,0.5522945406289541,0.5594963918317212,0.5678522362998015,0.5742074708975411,0.5801628378582887,0.5846181697492683,0.5893426354724244,0.5939513832688907,0.5984463698834778,0.6022466553440005,0.6085073564309444,0.6120069828683019,0.6156116275638188,0.6200911898808649,0.6240173647776605,0.6279212612243704,0.6308446675617302,0.6331983333818945,0.6366146423692853,0.6404474843496406,0.6445330559408229,0.6469570233631382,0.648905529953917,0.6517790423636259,0.6548332520861412,0.6587946020128088,0.660670949321913,0.6634185257999259,0.6655477484140756,0.667556666477305,0.6701630049610205,0.6724962503891105,0.6749336195695158,0.6775112063375716,0.6793727654063794,0.6812661643989655,0.6831911071187963,0.6855157340207919,0.6877587557345866,0.6895549906416739,0.6913463147910506,0.6933875550108629,0.6950232286421676,0.6962925907398143,0.6979210036916756,0.6996174530132505,0.7013094875557155,0.703068841581421,0.7045730697006517,0.7059310344827586,0.7086739890439618,0.7102007148748969,0.7122896593373411,0.7135962266220589,0.7143366130402609,0.7157093577177901,0.7171142591478422,0.7183410289336357,0.719460595637813,0.721171146611417,0.7232594850579718,0.7241623150565709,0.7258603362577071,0.727829907251722,0.7292428552079101,0.7304121897750954,0.7319565334919176,0.7330866664866179,0.7347269049224545,0.7360224180206396,0.7371453184730523,0.7384358864027539,0.7396560988715745,0.7407725552304513,0.7421569153214994,0.7434036055824917,0.7443454053909366,0.7463252979849271,0.7472961785990867,0.7481319385140905,0.7492000853242321,0.7503329958974906,0.7509984557218169,0.7517296434273549,0.7529905896113562,0.7535869911786587,0.7545797270748155,0.755900917625842,0.7567911377308987,0.7580418839850679,0.7591916626990425,0.760306553911205,0.760699566733594,0.7611250495180245,0.7616810094503986,0.762758802584729,0.7638021450971091,0.7645184229239643,0.765396357511317,0.766013415756938,0.7665001314751512,0.7671160871507793,0.7680873972530792,0.7686371272574548,0.7698964206109873,0.7705734353705839,0.7712175188600168,0.7716679759099241,0.772118102816459,0.772503663387063,0.7729531781323568,0.7738832692961133,0.7750039170627252,0.7757072763336466,0.7768245938828192,0.7772072048588484,0.7775258645401715,0.7779080369936173,0.7783854166666667,0.7787988441413063
0.0,0.00034102050385779445,0.0005114871488853843,0.0007671326287078077,0.000937526634279383,0.0010227127455575914,0.0010227127455575914,0.0011930631897396566,0.0015336769905849273,0.0015336769905849273,0.0015336769905849273,0.0017039403620873268,0.001789061168853297,0.001959281029048471,0.0020443800843306784,0.0023847038283013244,0.002724911653254992,0.002894972114606837,0.0030650036184070497,0.003150008513536523,0.0033199965948752875,0.0034899557371467485,0.0037448402059662112,0.003914727032892217,0.003999659603438005,0.004084584946602562,0.004169503063308373,0.0042544139544777706,0.004424214063895861,0.0045091032839884295,0.004678860059549128,0.005103125664469487,0.005272781392184378,0.005442408265657553,0.0057815754793181144,0.006035875201904276,0.00696775289968985,0.008237092391304348,0.010770926978203714,0.01657435203585472,0.025839575793283394,0.03690994308670907,0.05077702983462146,0.06564677745247618,0.08139059304703476,0.09880846234903137,0.11719847481436886,0.1345687358333002,0.16010354565422028,0.1770489255042164,0.1934067626896711,0.21675663346764998,0.23507280183603596,0.25496614835205716,0.27193693361821264,0.28870567634612576,0.3094886302209089,0.32488215969147266,0.339821630804077,0.35166379704135775,0.3629955332216639,0.3795640609347473,0.3900195627552596,0.4018669301263925,0.41214500896997597,0.4264725613846773,0.4352901934623082,0.4456078730242884,0.4549257270840881,0.46433364978557634,0.4726834668229472,0.4802047560422471,0.48711581255845454,0.494978985530495,0.5026652622171152,0.5101314870100997,0.5177109994628243,0.5256772895845119,0.5344288927768058,0.5407658568451177,0.5479028014239282,0.5568818064357349,0.5631585395736339,0.5680271070545498,0.5742074708975411,0.5792167671199685,0.5845754631585299,0.5890456281769784,0.5942042015043904,0.598781289204851,0.6029543153255108,0.6069784706755753,0.610979509652967,0.6147122227800254,0.6175699171897563,0.6224819404475245,0.6259117138756262,0.6295647093193105,0.6314837505105315,0.6349483486105049,0.6380792010219487,0.6410382687795128,0.6448071645240503,0.6478930074364443,0.6509260324398942,0.6532112198903276,0.655295972481009,0.6575279741292963,0.6603267077907242,0.6622369246563623,0.6644459628743878,0.6670265969538531,0.6699367716691712,0.6723083889958111,0.6740347108372435,0.6762423455710134,0.6787776369525419,0.6807469486472805,0.6839299741892043,0.6865094920759366,0.6883091463244135,0.6903598648761831,0.6928049935908154,0.6941513793391421,0.6955675435181581,0.6968358474317304,0.6983184416449304,0.6998697375349907,0.7018844951158093,0.70471614755909,0.7073217779492408,0.7092780101254678,0.710519805382226,0.7119714442613948,0.7135609488550665,0.715287287067974,0.7167282177540693,0.7179206865451365,0.7191109412118067,0.7204386132402281,0.7221117437140756,0.7244398520774418,0.7259987507129084,0.7269322622666088,0.7284161448591797,0.7302403637938502,0.731716549057777,0.733633884944524,0.7348975188781014,0.7358180397229633,0.7367712400700148,0.7378248937200668,0.7385376610105682,0.7391479639833356,0.7400961512636639,0.7409415427559182,0.7421231866570134,0.7431342603756397,0.743874682019012,0.7454871232583639,0.7464593020148576,0.7473296304208502,0.7491333795530905,0.7500333075754749,0.7513973915357999,0.7523936170212766,0.7539180789459704,0.7550424628450106,0.7559339114753229,0.7567252391932363,0.7581405199343464,0.7586663138396401,0.7596837735649506,0.7603720733576449,0.7612559085267633,0.7624650451115919,0.7633132974797006,0.7637695672798187,0.7645834979326328,0.7651363588501632,0.7658835600220989,0.7665325655386396,0.768216789643673,0.7692509510691329,0.7699931826524726,0.7706378741024162,0.7717001387761514,0.7723430425793619,0.7728247789462669,0.7735947712418301,0.7741716316504651,0.7745559038662487,0.7752278008407091,0.7757072763336466,0.7761863765620516,0.7770159292958261,0.7772709500847126,0.7778125162836746,0.7782263315535877,0.7788624235324743,0.7792437608972858
0.0,0.00017052479004135227,0.0002557762810128741,0.0002557762810128741,0.0005967095729264342,0.0005967095729264342,0.0008523332623055614,0.001363384602275148,0.0016188123029735027,0.0018741747241981515,0.0020443800843306784,0.00221455644989566,0.0022996337620304914,0.0024697666496337933,0.0024697666496337933,0.0025548222269533745,0.002724911653254992,0.0028099455040871933,0.0028099455040871933,0.002894972114606837,0.0030650036184070497,0.0033199965948752875,0.003404979782932539,0.0036598859477402334,0.003914727032892217,0.004169503063308373,0.0045939852822323365,0.004763727616860193,0.004933441075149917,0.005018286977970571,0.005442408265657553,0.005612006292249479,0.005866349260329876,0.0061206273643048415,0.006205372322339341,0.006544280129185789,0.006713690830288094,0.0074756827931869345,0.009166914229936766,0.012203906945209543,0.016658210722137662,0.023094104260609382,0.02998488157231648,0.04623073719283632,0.056752278376139186,0.0756450752758748,0.09308943089430895,0.11424666345071555,0.12667225749770378,0.14276664819067225,0.15959825807210953,0.1770489255042164,0.19438029253271746,0.2188556023844781,0.24214944165480026,0.2563282905252202,0.2703440138637956,0.2873311427528295,0.30103944080257866,0.3171904146936433,0.3292374541439613,0.34450875211744775,0.35645715086539137,0.3745105513011539,0.3847531161765719,0.39547133670816803,0.40507275941792464,0.4165935327077567,0.4259445674786927,0.4360205374408215,0.44915366305210264,0.45685713345833745,0.46543884327259644,0.4731308791459167,0.4823190656443107,0.4917368657964118,0.4994082083106746,0.5070494255434264,0.513954446098774,0.520329306374791,0.5275746256944662,0.5341999187576165,0.5404480398257623,0.5473182212312647,0.5538120048093227,0.5594079169609679,0.5646972432151272,0.5701658132162887,0.5755496173934167,0.5809788855950149,0.585855540817557,0.5913335935857782,0.5971470438709292,0.6024132280649486,0.6062748826430566,0.6092086928162709,0.6128278676405359,0.6155707708653052,0.6184249278435531,0.6232096736323081,0.627158326016974,0.6293644996347699,0.6321222371260279,0.6358216767964637,0.6389880175240085,0.6435531908741289,0.6467618635511323,0.6495667443935861,0.6513526722824369,0.6534818301854297,0.6565668136777594,0.6601736547469439,0.6635327635327636,0.6661927779357407,0.6685777538103482,0.6710671690416159,0.6735097839610904,0.6759434361681109,0.6780329716781739,0.682155298348129,0.683966895777809,0.685110438389954,0.6867668878250889,0.6891521824177053,0.6908350078142442,0.6922583702712497,0.6941513793391421,0.6960026685939845,0.6975233229675699,0.6984629043893236,0.6999057701901225,0.7018126470181265,0.7032122518936252,0.7053238760246184,0.7071436445816338,0.708247280737987,0.7094200506217674,0.712854986966662,0.7151465351958367,0.7160608714692358,0.7171844235397068,0.71876109578565,0.7201593321146973,0.721484832792783,0.7231899836690255,0.7246825979392654,0.725583417099079,0.7264829645717389,0.7273121896958681,0.7286229232728948,0.7305839692590789,0.732127895348523,0.7339414876389938,0.7354090847823157,0.7369413031771674,0.7377569691098913,0.7387750712480508,0.7397238192466821,0.7405358964721044,0.7419882539086594,0.7427637221269296,0.7435718877223055,0.7445806348016913,0.745252233456374,0.7462582852255719,0.7476306164401847,0.7484993196915936,0.74960017059388,0.7503995737879595,0.751164709953944,0.7519289097004204,0.7530900295047979,0.7542489908646697,0.7558019255762141,0.7564945392853356,0.7571534548537516,0.757910345010194,0.7588962086938117,0.75965097831835,0.7603393145001454,0.7612231963663252,0.761909789120853,0.7632154815576472,0.7638021450971091,0.7641603877970389,0.7647461554666105,0.7655263157894737,0.7661107896259667,0.7667595562332404,0.7674076409690472,0.7683138161004044,0.7696383140556561,0.7703800786369593,0.771088756156345,0.7717001387761514,0.772471542587989,0.7731778120668462,0.7737230093584985,0.7742997491638796,0.7753876677282933,0.7760267181547774
0.0,0.00017052479004135227,0.00034102050385779445,0.0005114871488853843,0.0005967095729264342,0.000937526634279383,0.0010227127455575914,0.0012782275244993609,0.0012782275244993609,0.0014485344239945467,0.0016188123029735027,0.001789061168853297,0.0020443800843306784,0.0020443800843306784,0.002129471890971039,0.00221455644989566,0.0023847038283013244,0.002724911653254992,0.0030650036184070497,0.0030650036184070497,0.0030650036184070497,0.0032350061720512495,0.0033199965948752875,0.0035749244584415032,0.0036598859477402334,0.003914727032892217,0.003999659603438005,0.004169503063308373,0.004339317621032928,0.004339317621032928,0.004763727616860193,0.005018286977970571,0.005357598435241092,0.005357598435241092,0.005357598435241092,0.0055272108843537416,0.005696794490264433,0.005951115834218916,0.006713690830288094,0.008828897661191052,0.012203906945209543,0.018166455428812844,0.023593848746576784,0.03287625277812723,0.051424773614688044,0.06460929119564321,0.0815475216751186,0.10050210560414642,0.11772730920471872,0.1369395130863021,0.1535857671416201,0.17605661184338428,0.19680953296175283,0.2130885265884504,0.23187968791225358,0.24871201373852012,0.2723187978786093,0.2931266601171633,0.30753689071688856,0.32146563137367157,0.3369376395930088,0.349808280859746,0.36987872259095805,0.38202324699065293,0.3916203798943976,0.4058857511808883,0.41830197585811585,0.4297907949790795,0.4428215767634855,0.45227490184433666,0.4613618472841774,0.46914466599223315,0.475413565601742,0.4852105399121674,0.49246392647106085,0.5000799360511591,0.5079041954260631,0.5159759569756406,0.5213087882990796,0.5290059579805582,0.5368516265868188,0.5424434501615709,0.5474081872793708,0.5527411840928023,0.558168126632857,0.5634225516016415,0.5682456354535466,0.5756793684530135,0.5807642271503343,0.586707640395276,0.5908681285671373,0.5948358495087467,0.6015799672082277,0.6076813486881159,0.6120069828683019,0.617325434020102,0.6211052322163433,0.6246225115079016,0.6279613922199474,0.6317631617325361,0.6350675046554934,0.6391854258528661,0.6422182986482966,0.6459806609900418,0.6487887778321859,0.6515852712064159,0.6542930089790298,0.6571436750350671,0.6606327089995432,0.6639895192526771,0.6668750710469479,0.6703137844043199,0.672646501230865,0.6747090066674201,0.6767277856135402,0.6784426414243858,0.680190192161607,0.6819701609957574,0.683745335166531,0.685110438389954,0.6875017486919784,0.6891521824177053,0.690506099433325,0.6927685662533092,0.6940786726427438,0.6963650511338373,0.6983906770255272,0.7001939595455805,0.7017767199867161,0.7037497582138219,0.7046088421285174,0.706038120983091,0.7078202903341322,0.708816162505849,0.7101652506255327,0.7122543098715274,0.7137020483150073,0.7149001451935457,0.716412192852843,0.7176753594664043,0.7191109412118067,0.7209619369615007,0.7223901734891195,0.7236416074878241,0.7256872758882973,0.7267940505916839,0.7281748183494198,0.729070712544026,0.7304121897750954,0.7321621621621621,0.7331208814950848,0.7343855389181169,0.7354772623123164,0.7368052563550194,0.7379607210115685,0.7391140737555102,0.7402991487419104,0.7422243672243672,0.7437737668041348,0.7445806348016913,0.7459566391317133,0.7475637431584569,0.7492334355419278,0.7505992649017206,0.7512311992546253,0.7520949163363571,0.7529905896113562,0.7536201078725722,0.7539511780487157,0.7556038942090882,0.7568570292831589,0.7572851541803539,0.7578774559127257,0.7583706095656547,0.7591588414230922,0.7598149372108394,0.760928709157664,0.7615175436280592,0.7622691292875989,0.762758802584729,0.7634436946436103,0.763834721197428,0.7643557054051207,0.7651688646713523,0.765721201915487,0.7666622847377416,0.7674400273259938,0.7686371272574548,0.7695092201558115,0.7698964206109873,0.7706378741024162,0.7712175188600168,0.7718609278458477,0.7724394201078139,0.7730173676501361,0.773498575051638,0.7741395980871246,0.774587915676184,0.7748759467223818,0.7758350730688935,0.7767289037237927
0.0,8.526603001364257e-05,8.526603001364257e-05,0.0002557762810128741,0.00034102050385779445,0.0005114871488853843,0.000681924732557644,0.0008523332623055614,0.0011930631897396566,0.001363384602275148,0.0015336769905849273,0.0017039403620873268,0.0017039403620873268,0.0017039403620873268,0.001789061168853297,0.0018741747241981515,0.00221455644989566,0.0024697666496337933,0.0024697666496337933,0.002724911653254992,0.003150008513536523,0.0032350061720512495,0.003404979782932539,0.0037448402059662112,0.003999659603438005,0.0042544139544777706,0.0045091032839884295,0.004763727616860193,0.004763727616860193,0.005103125664469487,0.005357598435241092,0.005442408265657553,0.0055272108843537416,0.005612006292249479,0.005866349260329876,0.0061206273643048415,0.006544280129185789,0.006713690830288094,0.007306401597213372,0.008067940552016985,0.009335879482283047,0.01228813559322034,0.01833389658668469,0.024176564737595822,0.03287625277812723,0.04051796157059315,0.05530221374678716,0.07596078913908372,0.08850495089849639,0.10999194198227236,0.12712101249650656,0.14254603048901207,0.16915151042073218,0.1845272649870351,0.2000613920650756,0.22128692223106966,0.23600195540179747,0.26182006817844966,0.27549444893757813,0.2934371362048894,0.30973228119482576,0.32278594157817586,0.339351458510337,0.3496921723834653,0.3637378352924762,0.3786119175998894,0.38996430532674353,0.4001773412454812,0.4134875541125541,0.4226630800268998,0.4316282179872952,0.440595705072801,0.4513551880096398,0.4590368569739176,0.4673941453214846,0.4772941214659006,0.4865789134081817,0.49594408284972263,0.5012300712482827,0.5085209207681547,0.5145191424680959,0.5212155601790556,0.5301121764742747,0.5375358523506671,0.5466881467253237,0.5518923257393344,0.5565709714145051,0.5611312189436231,0.5676335877862595,0.5730798479087452,0.5765005765612672,0.5814938010281222,0.5861112785580807,0.5893426354724244,0.5925592559255926,0.5966854134258706,0.6008291824499657,0.6052803710531011,0.6083422332977335,0.6124175466619339,0.6155707708653052,0.6180993342367289,0.6207809008585206,0.6241787893007977,0.6272788458724724,0.6316035121495872,0.634511265063748,0.6367335077012496,0.6390669877281036,0.6409201529725345,0.6440628974447913,0.6467228248326794,0.6510424155283968,0.6542544035802398,0.6566822255949142,0.6590246412440683,0.660670949321913,0.6637611804249985,0.6655097860719162,0.6674052610647122,0.6700121913186471,0.672984441301273,0.6747090066674201,0.6781074759771184,0.6802644535096357,0.6823033707865168,0.6847048927519978,0.6877954628101486,0.6890056452965178,0.6910176633088707,0.6924770744488112,0.6935694989834851,0.695821401762629,0.6971253992501042,0.6989321869366246,0.6997616275846776,0.7013454404518022,0.7027101769911505,0.7047519120854847,0.7060738125448226,0.7077490978209967,0.7087806220754198,0.7101652506255327,0.712183605117224,0.7133492416138676,0.715287287067974,0.7169388145838462,0.7189010568861458,0.7206131020564011,0.7213454357129229,0.7226337000326761,0.7240582075343397,0.7248559312819398,0.7260333496279399,0.7273121896958681,0.7280368763557483,0.7291740037385203,0.7304121897750954,0.7314764737696052,0.7327786482251878,0.7343172436122278,0.7357498989354534,0.736839270808089,0.7379607210115685,0.7386055016268251,0.7395883712182277,0.7405020808162169,0.7423929653360499,0.743235278358249,0.7439083168210786,0.7444462287886088,0.7450508293204923,0.7460236841401802,0.7469280906079709,0.7476306164401847,0.748933219543418,0.7502997042917655,0.7509651995633304,0.7516299864278682,0.7522940660159055,0.7529242875372182,0.753288861721636,0.7542489908646697,0.7550424628450106,0.7562967283525107,0.7570217276099629,0.757910345010194,0.7590931936618787,0.7599132917415671,0.76102688711637,0.7618117510426015,0.7625629797673376,0.7632154815576472,0.7638998682476943,0.7652988708446292,0.7661107896259667,0.7665325655386396,0.7667595562332404,0.7674076409690472,0.7678285309027869,0.7686371272574548
