0.0,3.993929227574087e-05,0.00010982811899377475,0.00040929601086131854,0.0004991190548681577,0.000578954986249819,0.0009281576071498076,0.0009979840721742082,0.00121740692325347,0.0014766627422026222,0.0016262028164236507,0.0018853526058266374,0.00856053717563126,0.0302111255007078,0.0557259962898079,0.0994380038839523,0.4631786503776277,0.5754500982844889,0.5747511207666579,0.5726547249971294,0.574702179010384,0.5763855917902722,0.5751748704476856,0.5822448363981992,0.5893612547832303,0.5883828539466771,0.5884497825260997,0.5913352895544538,0.59317388160513,0.6016726220487976,0.602275033319256,0.5997364063771936,0.6050445915631668,0.6032826988875849,0.6033950659693691,0.6052405084871599,0.6017676422795952,0.5993863704626924,0.6021501194510807,0.6032843608859956,0.602818542458457
0.0,6.989271468296166e-05,0.0001697309764024022,0.0004891439980034939,0.0005590021811067245,0.0007485926458258474,0.0010478728181790963,0.001147612965032732,0.0014268324320009578,0.0016461644368621112,0.0018255729855101378,0.00375100808467245,0.00375100808467245,0.0624330269700166,0.0560419504582546,0.0907947410131881,0.4954397708480464,0.5986991962781462,0.5923479204448977,0.5864266000788539,0.5911169579652947,0.588154745189286,0.5909016829241576,0.5979773637325111,0.5957825642115893,0.5985999214512414,0.5953222698974725,0.5984052535366055,0.5977268958618196,0.5985048075230763,0.5980853198817563,0.5977954721505232,0.5996810120071896,0.6022265937910403,0.6041872101836081,0.6054336711861372,0.6061977123697787,0.6078010242351963,0.6062622085277843,0.6033397389172355,0.6038416892377425
0.0,5.990834023943367e-05,0.00011981249344775427,0.0004292530996066844,0.0005090938130128371,0.0006487997205170435,0.0008982215213876525,0.0010677950033181481,0.001287200339262105,0.0014965877798619148,0.0017458013477586404,0.00375184225851523,0.00375184225851523,0.00375184225851523,0.03375184225851523,0.0678988935896174,0.4847628085030455,0.5883044096918957,0.5932733127174881,0.5752902395927497,0.5746499043002905,0.5857200809179296,0.5853030170145589,0.5867704579414609,0.5955733207676954,0.5992362329382568,0.5999325521516399,0.5954005739698118,0.5969489131803228,0.5965858387775562,0.6007534712320954,0.6043131752108224,0.6034549261626625,0.6077390648402226,0.6078896302110588,0.6070308505431588,0.6084355140391368,0.6095098740424881,0.6093284562817592,0.6127183042261032,0.6134509095656715
0.0,3.993929227574087e-05,9.984424298094972e-05,0.00037935320278924435,0.0004991190548681577,0.0006587812546788441,0.0009281576071498076,0.001047857132164723,0.001277241159096352,0.001496602711844114,0.0016860125802477142,0.001975042642966155,0.002164361837413538,0.08432980370537,0.1794214327661554,0.1706186219849689,0.4648025451276022,0.5651359686010653,0.5766928815522417,0.5715852400401362,0.5822790405959114,0.5821401197471757,0.5824199117537137,0.5899840103038593,0.5952004535691311,0.5971819954474622,0.5980717957702141,0.6003182717408483,0.5968859379073547,0.5973663740415601,0.5984747964687078,0.6001288720378098,0.604425730840856,0.6011694488379911,0.5995493530632601,0.6034874191547799,0.6068495938312957,0.6090034300344097,0.6083997079698967,0.6103961168557044,0.6101623248253745
0.0,4.992386610419111e-05,0.00014976412150862392,0.0004092980538376684,0.0004891415565682227,0.0006687661264966137,0.0009181911634080861,0.001047867589455458,0.0012672753579803422,0.0014866401931634505,0.0016959889860479966,0.001895318563149022,0.002104580704685435,0.071378770935064,0.1135818957067242,0.127956430606066,0.4468450243940665,0.5309036554540152,0.5210437314308483,0.5464923080601011,0.5512392910862599,0.5535612679895496,0.5622434338128927,0.5648688089363473,0.5714666960613111,0.573919127553646,0.5781922978568125,0.5857783182274507,0.5868222120123394,0.5868937075048658,0.5923477847510286,0.5926665983536564,0.5903608250373534,0.5963475323530907,0.6006036611657716,0.5988915164889744,0.600100945447163,0.6024426691834923,0.6014429068384063,0.6046125962591637,0.6061329123650131
0.0,3.993929227574087e-05,0.00015974759879390564,0.0004192767476103721,0.0004991190548681577,0.0006587779668714535,0.0009181774178256162,0.001047851903597625,0.0012672627125409116,0.0014666852912417936,0.0016261865924407264,0.0018853337988478515,0.0020547398659431855,0.0244487984583662,0.058983354522388,0.0615746095815229,0.4594671267647693,0.5658985260302073,0.5681297383257041,0.5664839515707063,0.5556062067151749,0.5554527243120394,0.5695310790495974,0.5709983315983858,0.5675878859376717,0.5813536027823746,0.5841428335816577,0.5867850456337526,0.5890218626729959,0.5888139050732839,0.5928056121644827,0.5946303289729202,0.591495365333081,0.5922238501154324,0.5921589132841226,0.5912686671318912,0.5933252030932121,0.5937636016651228,0.595094643958442,0.5975483853014428,0.5978550713354225
0.0,3.993929227574087e-05,0.00016973012909473936,0.00044922060225508745,0.0005290582762682426,0.0007585625240169878,0.000968063872255489,0.0012174129973805663,0.0013869348739286177,0.0016162341743737093,0.0018355121727376565,0.0020348213795889462,0.0032030413916671,0.0086152528211053,0.0384748276868637,0.0442190147529785,0.4471476256623355,0.4962638904515762,0.5191472955388842,0.5396413549366584,0.5408758488594811,0.5540993377080685,0.5584088544415459,0.5572004893315403,0.5564172596591549,0.5671911856916784,0.5688278610051507,0.5772367999482668,0.5845171274801931,0.5912208739246853,0.5931521074268482,0.5934231934510203,0.5963671861774763,0.5971785861343472,0.6015876242158634,0.6026280647104715,0.6035578144853876,0.6052777224325342,0.6039077366275781,0.6059691855546155,0.6066880129631582
0.0,0.0,6.989201683399148e-05,0.0003793513092611634,0.00041927256210474827,0.0005589910212067218,0.0008283846499326314,0.0009780195104912553,0.0011774978171385805,0.0014168192408043942,0.0015863039118853071,0.001765726940803256,0.0020148721503772896,0.0021842554082762335,0.0585528250929219,0.1052589259482612,0.1024736934629197,0.4185399856622077,0.5019163696293741,0.507983654258956,0.5219655606887862,0.5245943504936311,0.5203601436777062,0.5289433422788493,0.54095618754804,0.5467997665483196,0.5540177537398063,0.5600119109655326,0.5705742011032557,0.5699214029268809,0.5820061501744079,0.5844513234043406,0.5949104702653862,0.6003059313618372,0.6017277562486815,0.6012541415578929,0.6022356750982072,0.6035215712224296,0.6049668543255938,0.608145551384158,0.6083187615503824
0.0,3.993929227574087e-05,0.00011981189532434078,0.0003494094979484671,0.00037935320278924435,0.0004492183600535069,0.0007286265389740339,0.0008184204485343288,0.0009879993014146353,0.0012473120425483084,0.0013968779777197963,0.001616209987579127,0.001805594349786521,0.001984978005645716,0.002194218234950904,0.0682688702305294,0.4762460897244013,0.5746974191597461,0.5608810239933442,0.5710281400652252,0.5731962206013855,0.5649215084025276,0.5651963132961185,0.5672646886667538,0.5684682784450766,0.5619425173439049,0.5649128150460672,0.5699292101449066,0.5745353838021392,0.5769303465774688,0.5817249544316304,0.5800288938793609,0.5821306882281203,0.5874156300237041,0.5866254326732111,0.5880117689825964,0.5890755920371992,0.5903073968971435,0.5955770008538175,0.6016887910524092,0.6033985839233653
0.0,3.993929227574087e-05,0.0001297968679017338,0.0004292638125614571,0.0004991265285749938,0.0006587878303920785,0.0009181911634080861,0.001047867589455458,0.0012672816807946955,0.001496617644124279,0.0016959974460273755,0.0019352007022583992,0.0021046016966480975,0.0014025444773143,0.0002125145433391,0.0097347362515435,0.4739866327355349,0.5834411351972463,0.5886022928244206,0.590074084985663,0.5924446620455073,0.5936197385225074,0.5971113097125724,0.5953797803289665,0.5940265763201378,0.5988505778778925,0.6046684219860575,0.606554115739416,0.6099671788067326,0.6094280550955853,0.6113104519972158,0.6097397177216533,0.611101894735697,0.6070610571165235,0.6110542924804341,0.6129593093600462,0.6135480212679116,0.6175522342617612,0.618650188152629,0.6201630841664572,0.6214710532259279
