0.0,1.0,1.0,0.945054945054945,0.9504950495049505,0.9612403100775194,0.9747474747474747,0.9771689497716894,0.47548243214273145,0.6186584874401111,0.6168051256990824,0.6237465012231944,0.6311401779063144,0.648058491100815,0.6520756436013643,0.6477797847305713,0.6525262401150251,0.6577807105650417,0.6607776510700373,0.6690992803023561,0.6705299869583434,0.6657961954503118,0.6664049470734209,0.6653749482272441,0.6733022796825714,0.6736457742069506,0.6733592212722239,0.6726067899175132,0.6744754921237075,0.6737178748415351,0.6773112879368105,0.6815950042902088,0.6797180152337956,0.6805175784133659,0.6833707824988229,0.6841935657124443,0.6825194931197274,0.6824119891715275,0.6836609808732669,0.6864763268593932,0.6872472849038859
0.0,0.9166666666666666,0.875,0.9444444444444444,0.9428571428571428,0.9555555555555556,0.9682539682539683,0.972972972972973,0.5592893897145486,0.5844099016502751,0.6242547175610056,0.6513936281631136,0.6448336720845625,0.6433199361407389,0.6600050676663396,0.6618720884275727,0.6581660506648427,0.6647569014853024,0.666429959635222,0.6640491717988118,0.6684381870968525,0.6707866332681208,0.6683450560530043,0.6656712557461467,0.6684886871417693,0.67172329375973,0.6730777175163916,0.6715226279595591,0.678782872921515,0.6802422370738533,0.6795649296051808,0.6789622445032876,0.6760068311284229,0.6782203919810263,0.6803363196814562,0.6810844334189776,0.681435630444129,0.6834123950684381,0.6823507258486868,0.6841124581348177,0.6874068243348003
0.0,0.8,0.875,0.967741935483871,0.9719626168224299,0.20030120180721084,0.20030140210981476,0.20030140210981476,0.34172956636795576,0.5266336114806305,0.5598829335262797,0.5839915291590461,0.6155138849603168,0.6368186640930807,0.6562683600635024,0.6504407168525911,0.6591775615505815,0.6695196833213851,0.6770036424133193,0.6781596998995087,0.6800883409862248,0.6731905776429663,0.6740454853754134,0.675574613858281,0.6717553655146418,0.6728812160233959,0.6743971467608283,0.6752127156700544,0.6774099155588997,0.6754861691471518,0.6743604233626485,0.6777272862276872,0.6779625643257942,0.6777266637421007,0.6784690977977741,0.6792639622496103,0.684185878962536,0.6844636873521251,0.6852276903242908,0.6879356730449503,0.6871904047976012
0.0,0.8571428571428571,0.75,0.9186046511627907,0.9326923076923077,0.9453125,0.20030240362884355,0.20030240362884355,0.4439860965739585,0.48693950758193383,0.532392362352868,0.5811582764905951,0.5801651376146789,0.5880868750177518,0.6140316949790837,0.612175240722043,0.6141936501831773,0.6217678893565844,0.6249923816102229,0.6336519618062795,0.6424521145960971,0.6478310685641471,0.6524051376306431,0.6468993093034013,0.643161040143598,0.6493139155817867,0.6471646072956054,0.6496857776671837,0.6537709158515884,0.6570176819635286,0.657157257518196,0.6579992934206593,0.6592530491927414,0.6622793375351287,0.6636836297154403,0.6655968589563309,0.6669543902749421,0.668925868884725,0.6687669666302121,0.6685223150046391,0.6693868242021705
0.0,0.8571428571428571,0.9285714285714286,0.978021978021978,0.9719626168224299,0.9765625,0.20030180271622444,0.9862385321100917,0.6178753537693603,0.5842269433869581,0.5993984450371715,0.6176208203004537,0.6158441189020054,0.6453658885524214,0.6468272675843862,0.6413200975072022,0.6544410180551496,0.6613111479243812,0.6612215318451284,0.6604465237474831,0.6554238992102557,0.6540536821160915,0.6547899255216328,0.6583976036358629,0.6541113792834977,0.6585408638475336,0.6595155397684093,0.6596070554969592,0.6630339869132806,0.6639920612418486,0.6653670661944974,0.6680856420291348,0.6669046971345666,0.6670264222588884,0.6678244982886271,0.6677189145311672,0.6671144545943042,0.6677134061013155,0.6711957906899032,0.6739544869042507,0.6752892694797741
0.0,0.8,0.9230769230769231,0.9666666666666667,0.9705882352941176,0.968,0.2003020030200302,0.2003020030200302,0.2003020030200302,0.43919232987797024,0.5029623120982649,0.5516323547055452,0.5756100819805118,0.5818852636909498,0.5975915935878097,0.6374624633329082,0.6478763780950659,0.648592513241683,0.6540453036607602,0.6577722582666929,0.6613732254831115,0.6570015340883455,0.6576536312849162,0.6620902899574062,0.6617395738195428,0.6658328653836336,0.6681098988975839,0.6657634413448105,0.6649345564380803,0.6670812977013306,0.6692279505031429,0.6708122129951809,0.6730074534729525,0.6741196070546331,0.6763980429420565,0.6756504182290164,0.6778463224918659,0.6792261641314729,0.6781802473574042,0.6766263454756407,0.6762471490062251
0.0,0.625,0.8333333333333334,0.945054945054945,0.9519230769230769,0.959349593495935,0.9680851063829787,0.9714285714285714,0.5354879317428819,0.5786518787270967,0.5640197441787106,0.6021566401816119,0.609007049838941,0.6245172387680258,0.6332094244302764,0.6315946063690748,0.6305624292245103,0.6425347288713322,0.6339467988764217,0.6382040984450623,0.6461327347963449,0.6469204021388577,0.6458550103265274,0.6444085423820384,0.6432881849104545,0.6460230130462006,0.6518994979092669,0.653054154353292,0.6517730274155801,0.6556820768550722,0.6571497069792221,0.6592240273621206,0.6602524688156636,0.663140685563327,0.6625045766836811,0.6640330546289477,0.664209272085267,0.6663475926414928,0.6692040946542015,0.6709372327402613,0.6744711880885894
0.0,1.0,1.0,0.989247311827957,0.990909090909091,0.9925373134328358,0.20030080120320481,0.20030140210981476,0.36271913796377014,0.4628582804949414,0.5009881491930697,0.5407083632644613,0.5676036536301982,0.5960015367338495,0.6198043945255802,0.6201935490534274,0.6211711757996733,0.6256996220491956,0.6228900989401427,0.6300064391500322,0.6331239410921413,0.633417271208964,0.6354366434351466,0.6435345034607524,0.6384545625117268,0.6465919851928374,0.6560852745540063,0.6619933050156123,0.6607368268188876,0.6632104998047417,0.6662976931547806,0.6695233945953383,0.6735279926988206,0.6737137403476299,0.6736994068843164,0.6726765981215845,0.6734032564636911,0.6728488677050788,0.6751743989744939,0.6729296713620337,0.6738361781683856
0.0,1.0,0.8666666666666667,0.9438202247191011,0.95,0.9523809523809523,0.9690721649484536,0.2003020030200302,0.3279299812940567,0.45429291166340874,0.5016939197197429,0.5343330640543996,0.5865871114953444,0.6161364537881793,0.6441657736974717,0.6477447104661179,0.6629234857356866,0.6645757480984049,0.6555214552759333,0.6595786450679261,0.6649813548077143,0.6740361679376755,0.6720314318975553,0.6760499552709638,0.6721147912545489,0.6742321007126663,0.6727463784432935,0.6721356287408099,0.6756405892093678,0.6804777194583003,0.676510629385276,0.678388205699878,0.6761951955931754,0.677105687858998,0.6776390005727211,0.6801345819678822,0.6776686244953827,0.6788779107523889,0.6782774456286284,0.6759894640010513,0.6770961625489061
0.0,1.0,1.0,0.9655172413793104,0.9714285714285714,0.9769230769230769,0.9844559585492227,0.20030300454506816,0.32243628719837397,0.4401493742430359,0.4749454704086084,0.5100185942729639,0.564004751552099,0.5663351573005285,0.5823334411763327,0.5925716530755004,0.6006540055384253,0.5986816896489842,0.6068426111607165,0.6274342053783354,0.6367420510766366,0.637986831826805,0.6428444425287047,0.6479118961945263,0.6532974220004747,0.646674756499608,0.6520704764087369,0.6539617709524588,0.6549156314953929,0.6547821781639526,0.6604185382576154,0.6590332180839424,0.6599282579199192,0.6623886331268837,0.6642588027091252,0.664030938734628,0.6659181929386531,0.6675675978781388,0.6682066547744321,0.6669011293284878,0.6670179194683259
