0.0,7.0,22.0,100.0,110.0,138.0,207.0,228.0,261.0,316.0,336.0,360.0,415.0,436.0,459.0,515.0,535.0,559.0,613.0,634.0,659.0,714.0,732.0,762.0,811.0,832.0,863.0,911.0,931.0,963.0,1009.0,1030.0,1063.0,1107.0,1130.0,1164.0,1205.0,1228.0,1263.0,1304.0,1326.0
0.0,15.0,21.0,100.0,115.0,145.0,199.0,232.0,273.0,310.0,332.0,372.0,410.0,432.0,471.0,508.0,532.0,569.0,606.0,631.0,668.0,706.0,730.0,766.0,805.0,830.0,865.0,904.0,929.0,964.0,1003.0,1028.0,1064.0,1101.0,1128.0,1165.0,1203.0,1227.0,1265.0,1303.0,1327.0
0.0,7.0,19.0,99.0,113.0,140.0,203.0,226.0,261.0,318.0,338.0,360.0,416.0,436.0,459.0,514.0,536.0,558.0,612.0,636.0,658.0,711.0,735.0,758.0,809.0,834.0,859.0,907.0,933.0,959.0,1006.0,1031.0,1058.0,1103.0,1131.0,1159.0,1200.0,1230.0,1259.0,1300.0,1330.0
0.0,10.0,20.0,97.0,115.0,139.0,208.0,233.0,264.0,317.0,334.0,361.0,415.0,434.0,460.0,513.0,533.0,561.0,612.0,633.0,659.0,710.0,732.0,760.0,808.0,831.0,860.0,908.0,929.0,959.0,1007.0,1029.0,1060.0,1106.0,1129.0,1160.0,1205.0,1229.0,1260.0,1303.0,1328.0
0.0,8.0,17.0,99.0,115.0,137.0,203.0,227.0,252.0,314.0,328.0,352.0,414.0,428.0,452.0,510.0,528.0,551.0,607.0,628.0,651.0,707.0,727.0,751.0,805.0,827.0,851.0,905.0,926.0,951.0,1003.0,1024.0,1050.0,1101.0,1125.0,1151.0,1199.0,1226.0,1250.0,1298.0,1326.0
0.0,7.0,18.0,97.0,111.0,134.0,199.0,222.0,253.0,313.0,338.0,357.0,413.0,438.0,457.0,512.0,536.0,557.0,610.0,635.0,657.0,710.0,735.0,756.0,810.0,832.0,855.0,908.0,932.0,955.0,1007.0,1032.0,1052.0,1106.0,1132.0,1152.0,1205.0,1231.0,1251.0,1303.0,1331.0
0.0,9.0,20.0,99.0,113.0,132.0,199.0,221.0,253.0,308.0,330.0,354.0,407.0,430.0,452.0,504.0,529.0,551.0,603.0,628.0,651.0,702.0,728.0,751.0,800.0,828.0,853.0,899.0,928.0,952.0,999.0,1027.0,1051.0,1097.0,1126.0,1150.0,1196.0,1224.0,1250.0,1296.0,1323.0
0.0,7.0,18.0,97.0,114.0,138.0,200.0,226.0,264.0,312.0,334.0,364.0,411.0,432.0,462.0,511.0,532.0,562.0,611.0,631.0,662.0,709.0,731.0,761.0,809.0,830.0,860.0,907.0,930.0,960.0,1006.0,1031.0,1059.0,1105.0,1131.0,1159.0,1203.0,1230.0,1258.0,1301.0,1330.0
0.0,8.0,17.0,99.0,110.0,136.0,204.0,230.0,261.0,312.0,333.0,361.0,411.0,432.0,461.0,511.0,530.0,560.0,611.0,630.0,658.0,709.0,729.0,757.0,808.0,828.0,856.0,906.0,927.0,953.0,1004.0,1027.0,1053.0,1101.0,1128.0,1153.0,1200.0,1228.0,1254.0,1298.0,1327.0
0.0,10.0,20.0,99.0,118.0,144.0,208.0,233.0,260.0,319.0,341.0,360.0,418.0,441.0,460.0,517.0,540.0,559.0,616.0,639.0,658.0,714.0,740.0,759.0,809.0,840.0,857.0,907.0,941.0,958.0,1004.0,1041.0,1058.0,1102.0,1139.0,1157.0,1201.0,1237.0,1257.0,1300.0,1337.0
