0.5141521682679824,0.741625551804726,0.8374448195273955,0.8374448195273955,0.8480914048299143,0.8584783173201765,0.8610750454427422,0.8613347182549987,0.8613347182549987,0.8613347182549987,0.8613347182549987,0.8613347182549987,0.8613347182549987,0.8613347182549987,0.8613347182549987,0.8613347182549987,0.8613347182549987,0.8613347182549987,0.8613347182549987,0.8613347182549987,0.8613347182549987,0.8613347182549987,0.8613347182549987,0.8613347182549987,0.8631524279407946,0.8636717735653077,0.8636717735653077,0.8639314463775642,0.8644507920020774,0.8644507920020774,0.8644507920020774,0.8644507920020774,0.8644507920020774,0.8649701376265905,0.8649701376265905,0.8771747598026487,0.8883406907296806,0.8906777460399896,0.8911970916645027,0.8911970916645027,0.8911970916645027,0.8911970916645027,0.892235782913529,0.8924954557257855,0.8924954557257855,0.8924954557257855,0.9052194235263568,0.9052194235263568,0.9119709166450273,0.9119709166450273,0.9119709166450273,0.9119709166450273,0.9119709166450273,0.9119709166450273,0.9119709166450273,0.9119709166450273,0.9119709166450273,0.9119709166450273,0.9304076863152428,0.9491041287977149,0.9491041287977149,0.9607894053492599,0.9875357050116853,0.9963645806284082,0.9963645806284082,0.9963645806284082,0.9979226175019476,0.9979226175019476,0.9979226175019476,0.9979226175019476,0.9981822903142041,0.9981822903142041,0.9981822903142041,0.9981822903142041,0.9981822903142041,0.9981822903142041,0.9981822903142041,0.9981822903142041,0.9981822903142041,0.9984419631264606,0.9984419631264606,0.9984419631264606,0.9984419631264606,0.9984419631264606,0.9984419631264606,0.9989613087509738,0.9989613087509738,0.9989613087509738,0.9989613087509738,0.9989613087509738,0.9989613087509738,0.9989613087509738,0.9989613087509738,0.9989613087509738,0.9989613087509738,0.9989613087509738,0.9989613087509738,0.9989613087509738,0.9989613087509738,0.9989613087509738,0.9989613087509738,0.9989613087509738,0.9989613087509738,0.9989613087509738,0.9989613087509738,0.9989613087509738,0.9989613087509738,0.9989613087509738,0.9989613087509738,0.9989613087509738,0.9989613087509738,0.9989613087509738,0.9989613087509738,0.9989613087509738,0.9989613087509738,0.9989613087509738,0.9989613087509738,0.9989613087509738,0.9989613087509738,0.9989613087509738,0.9989613087509738,0.9989613087509738,0.9989613087509738,0.9989613087509738,0.9989613087509738,0.9989613087509738
0.33653596468449753,0.3396520384315762,0.3396520384315762,0.370812775902363,0.3767852505842638,0.3767852505842638,0.3799013243313425,0.3799013243313425,0.3804206699558556,0.3804206699558556,0.3804206699558556,0.40249285899766296,0.41495715398597766,0.4167748636717736,0.4167748636717736,0.4167748636717736,0.4178135549207998,0.4307971955336276,0.4450792002077382,0.47104648143339395,0.4726045183069333,0.48403012204622176,0.5136328226434692,0.523760062321475,0.5510257076084134,0.5767333160218125,0.626850168787328,0.6652817450012983,0.7117631783952221,0.8397818748377045,0.8397818748377045,0.8397818748377045,0.8506881329524799,0.8725006491820306,0.8795118151129576,0.9407945988055051,0.9407945988055051,0.9407945988055051,0.9407945988055051,0.9581926772266943,0.9581926772266943,0.9581926772266943,0.9659828615943911,0.9659828615943911,0.9662425344066476,0.9662425344066476,0.9662425344066476,0.9670215528434173,0.9672812256556739,0.9683199169047001,0.9683199169047001,0.9683199169047001,0.9683199169047001,0.9683199169047001,0.9683199169047001,0.9698779537782394,0.9698779537782394,0.979485847831732,0.979485847831732,0.9901324331342508,0.9901324331342508,0.9901324331342508,0.9901324331342508,0.9903921059465074,0.9903921059465074,0.9903921059465074,0.9924694884445598,0.9924694884445598,0.9924694884445598,0.9974032718774344,0.9974032718774344,0.9974032718774344,0.9974032718774344,0.9974032718774344,0.9974032718774344,0.9974032718774344,0.9974032718774344,0.9974032718774344,0.9984419631264606,0.9984419631264606,0.9984419631264606,0.9984419631264606,0.9987016359387172,0.9987016359387172,0.9987016359387172,0.9987016359387172,0.9987016359387172,0.9987016359387172,0.9987016359387172,0.9987016359387172,0.9987016359387172,0.9987016359387172,0.9987016359387172,0.9987016359387172,0.9987016359387172,0.9987016359387172,0.9987016359387172,0.9987016359387172,0.9987016359387172,0.9987016359387172,0.9987016359387172,0.9987016359387172,0.9987016359387172,0.9987016359387172,0.9987016359387172,0.9987016359387172,0.9987016359387172,0.9987016359387172,0.9987016359387172,0.9987016359387172,0.9987016359387172,0.9987016359387172,0.9987016359387172,0.9987016359387172,0.9987016359387172,0.9989613087509738,0.9989613087509738,0.9989613087509738,0.9989613087509738,0.9989613087509738,0.9989613087509738,0.9989613087509738,0.9992209815632304,0.9992209815632304,0.9992209815632304,0.9992209815632304
0.11841080238898988,0.15917943391326927,0.23863931446377565,0.2466891716437289,0.24694884445598544,0.24746819008049858,0.25058426382757726,0.25110360945209037,0.270059724746819,0.2710984159958452,0.2736951441184108,0.29498831472344844,0.295247987535705,0.30641391846273697,0.32874578031680085,0.34900025967281223,0.3627629187224098,0.3926252921319138,0.4183329005453129,0.45702414957153986,0.49259932485068814,0.5081796935860815,0.5081796935860815,0.5349259932485069,0.5845235003895092,0.6333419890937418,0.6676188003116074,0.6676188003116074,0.6904700077901844,0.8179693586081537,0.8179693586081537,0.8615943910672552,0.8802908335497274,0.8802908335497274,0.8802908335497274,0.8802908335497274,0.8802908335497274,0.8802908335497274,0.8802908335497274,0.8924954557257855,0.8958712022851207,0.8974292391586601,0.8974292391586601,0.8974292391586601,0.910932225396001,0.910932225396001,0.910932225396001,0.910932225396001,0.910932225396001,0.910932225396001,0.910932225396001,0.910932225396001,0.910932225396001,0.910932225396001,0.92910932225396,0.9436509997403272,0.9436509997403272,0.9436509997403272,0.9529992209815632,0.9768891197091665,0.9807842118930148,0.9916904700077902,0.9916904700077902,0.9916904700077902,0.9916904700077902,0.9916904700077902,0.9916904700077902,0.9987016359387172,0.9987016359387172,0.9987016359387172,0.9987016359387172,0.9987016359387172,0.9987016359387172,0.9987016359387172,0.9987016359387172,0.9987016359387172,0.9987016359387172,0.9989613087509738,0.9989613087509738,0.9989613087509738,0.9989613087509738,0.9992209815632304,0.9992209815632304,0.9992209815632304,0.9992209815632304,0.9992209815632304,0.9992209815632304,0.9992209815632304,0.9992209815632304,0.9992209815632304,0.9992209815632304,0.9992209815632304,0.9992209815632304,0.9992209815632304,0.9992209815632304,0.9992209815632304,0.9992209815632304,0.9992209815632304,0.9992209815632304,0.9992209815632304,0.9992209815632304,0.9992209815632304,0.9992209815632304,0.9992209815632304,0.9992209815632304,0.9992209815632304,0.9992209815632304,0.9992209815632304,0.9992209815632304,0.9992209815632304,0.9992209815632304,0.9992209815632304,0.9992209815632304,0.9992209815632304,0.9992209815632304,0.9997403271877434,0.9997403271877434,0.9997403271877434,0.9997403271877434,0.9997403271877434,0.9997403271877434,0.9997403271877434,0.9997403271877434,0.9997403271877434,0.9997403271877434,0.9997403271877434
0.41158140742664245,0.4136587899246949,0.43728901584004154,0.43858737990132435,0.43858737990132435,0.44326149052194236,0.5110360945209037,0.5118151129576733,0.5118151129576733,0.5118151129576733,0.5118151129576733,0.5118151129576733,0.5118151129576733,0.5118151129576733,0.5118151129576733,0.5118151129576733,0.5133731498312126,0.5138924954557258,0.5138924954557258,0.5138924954557258,0.5138924954557258,0.5138924954557258,0.5138924954557258,0.5138924954557258,0.5211633341989094,0.5328486107504544,0.533108283562711,0.533108283562711,0.533108283562711,0.533108283562711,0.533108283562711,0.5437548688652298,0.5829654635159699,0.6149052194235264,0.6286678784731239,0.6606076343806804,0.6873539340431057,0.715917943391327,0.7491560633601662,0.7491560633601662,0.7491560633601662,0.7561672292910933,0.7561672292910933,0.759802648662685,0.7608413399117112,0.7608413399117112,0.761620358348481,0.761620358348481,0.7631783952220202,0.770968579589717,0.770968579589717,0.770968579589717,0.770968579589717,0.770968579589717,0.7722669436509998,0.7722669436509998,0.7722669436509998,0.7722669436509998,0.7722669436509998,0.7722669436509998,0.7722669436509998,0.7722669436509998,0.7722669436509998,0.7722669436509998,0.7722669436509998,0.7722669436509998,0.7722669436509998,0.7722669436509998,0.7722669436509998,0.7722669436509998,0.7722669436509998,0.7722669436509998,0.7722669436509998,0.7722669436509998,0.7722669436509998,0.7722669436509998,0.7722669436509998,0.7722669436509998,0.7722669436509998,0.7722669436509998,0.7722669436509998,0.7722669436509998,0.7730459620877694,0.7730459620877694,0.7730459620877694,0.7730459620877694,0.7730459620877694,0.7730459620877694,0.7730459620877694,0.7730459620877694,0.7730459620877694,0.7738249805245391,0.7738249805245391,0.7738249805245391,0.7738249805245391,0.7738249805245391,0.7738249805245391,0.7738249805245391,0.7738249805245391,0.7738249805245391,0.7738249805245391,0.7738249805245391,0.7738249805245391,0.7738249805245391,0.7738249805245391,0.7738249805245391,0.7738249805245391,0.7738249805245391,0.7738249805245391,0.7738249805245391,0.7738249805245391,0.7738249805245391,0.7738249805245391,0.7738249805245391,0.7738249805245391,0.7738249805245391,0.7738249805245391,0.7738249805245391,0.7738249805245391,0.7738249805245391,0.7738249805245391,0.830693326408725,0.8478317320176577,0.8480914048299143,0.8480914048299143,0.8784731238639314
0.6928070631004933,0.8415995845235004,0.8434172942092963,0.8439366398338094,0.8444559854583226,0.8470527135808881,0.8470527135808881,0.8631524279407946,0.8631524279407946,0.8634121007530512,0.8670475201246429,0.8699039210594651,0.871721630745261,0.8769150869903921,0.8779537782394183,0.8779537782394183,0.8779537782394183,0.8779537782394183,0.8779537782394183,0.8779537782394183,0.8779537782394183,0.8779537782394183,0.8779537782394183,0.8782134510516749,0.8782134510516749,0.8821085432355232,0.8821085432355232,0.8867826538561413,0.8867826538561413,0.8867826538561413,0.8867826538561413,0.8867826538561413,0.8867826538561413,0.8932744741625552,0.8932744741625552,0.8932744741625552,0.8932744741625552,0.8935341469748117,0.8961308750973773,0.8961308750973773,0.8961308750973773,0.8961308750973773,0.8961308750973773,0.8961308750973773,0.8961308750973773,0.8961308750973773,0.8961308750973773,0.8961308750973773,0.8961308750973773,0.8961308750973773,0.8961308750973773,0.9039210594650741,0.9072968060244092,0.9072968060244092,0.9072968060244092,0.9072968060244092,0.9075564788366658,0.9075564788366658,0.9075564788366658,0.9075564788366658,0.9322253960010387,0.956634640353155,0.9706569722150091,0.9706569722150091,0.972474681900805,0.9903921059465074,0.9968839262529213,0.9968839262529213,0.9968839262529213,0.9968839262529213,0.9968839262529213,0.9968839262529213,0.9968839262529213,0.9968839262529213,0.9968839262529213,0.9968839262529213,0.9968839262529213,0.9968839262529213,0.9968839262529213,0.9968839262529213,0.9968839262529213,0.9968839262529213,0.9968839262529213,0.9968839262529213,0.9968839262529213,0.9968839262529213,0.9968839262529213,0.9968839262529213,0.9968839262529213,0.9968839262529213,0.9968839262529213,0.9968839262529213,0.9968839262529213,0.9968839262529213,0.9968839262529213,0.9968839262529213,0.9968839262529213,0.9968839262529213,0.9968839262529213,0.9968839262529213,0.9968839262529213,0.9968839262529213,0.9968839262529213,0.9968839262529213,0.9968839262529213,0.9968839262529213,0.9968839262529213,0.9968839262529213,0.9968839262529213,0.9968839262529213,0.9968839262529213,0.9968839262529213,0.9981822903142041,0.9981822903142041,0.9981822903142041,0.9981822903142041,0.9981822903142041,0.9981822903142041,0.9981822903142041,0.9981822903142041,0.9981822903142041,0.9981822903142041,0.9981822903142041,0.9981822903142041,0.9981822903142041,0.9981822903142041
0.3972994027525318,0.4030122046221761,0.439366398338094,0.48299143079719553,0.48299143079719553,0.4863671773565308,0.4868865229810439,0.4868865229810439,0.4996104907816152,0.4996104907816152,0.5006491820306413,0.5042846014022332,0.5042846014022332,0.5042846014022332,0.5042846014022332,0.5042846014022332,0.5042846014022332,0.5042846014022332,0.5042846014022332,0.5042846014022332,0.5042846014022332,0.5042846014022332,0.5523240716696962,0.5523240716696962,0.5523240716696962,0.5894572838223838,0.6356790444040509,0.6943650999740327,0.725266164632563,0.7626590495975072,0.7925214230070111,0.8164113217346144,0.8314723448454947,0.8317320176577513,0.8486107504544275,0.8802908335497274,0.9119709166450273,0.9298883406907297,0.9298883406907297,0.9428719813035575,0.9428719813035575,0.9428719813035575,0.9641651519085952,0.9675408984679305,0.9675408984679305,0.9683199169047001,0.9693586081537263,0.9693586081537263,0.9693586081537263,0.9836406128278369,0.9864970137626591,0.9958452350038951,0.997662944689691,0.997662944689691,0.997662944689691,0.997662944689691,0.997662944689691,0.997662944689691,0.997662944689691,0.997662944689691,0.997662944689691,0.997662944689691,0.997662944689691,0.997662944689691,0.997662944689691,0.997662944689691,0.997662944689691,0.997662944689691,0.997662944689691,0.997662944689691,0.9979226175019476,0.9979226175019476,0.9979226175019476,0.9979226175019476,0.9979226175019476,0.9979226175019476,0.9984419631264606,0.9984419631264606,0.9984419631264606,0.9984419631264606,0.9984419631264606,0.9984419631264606,0.9984419631264606,0.9984419631264606,0.9984419631264606,0.9984419631264606,0.9984419631264606,0.9994806543754868,0.9994806543754868,0.9994806543754868,0.9994806543754868,0.9994806543754868,0.9994806543754868,0.9994806543754868,0.9994806543754868,0.9994806543754868,0.9994806543754868,0.9994806543754868,0.9994806543754868,0.9994806543754868,0.9994806543754868,0.9994806543754868,0.9994806543754868,0.9994806543754868,0.9994806543754868,0.9994806543754868,0.9994806543754868,0.9994806543754868,0.9994806543754868,0.9994806543754868,0.9994806543754868,0.9994806543754868,0.9994806543754868,0.9994806543754868,0.9994806543754868,0.9994806543754868,0.9994806543754868,0.9994806543754868,0.9994806543754868,0.9994806543754868,0.9994806543754868,0.9994806543754868,0.9994806543754868,0.9994806543754868,0.9994806543754868,0.9994806543754868
0.3705531030901065,0.38924954557257857,0.38924954557257857,0.38924954557257857,0.38924954557257857,0.4040508958712023,0.4040508958712023,0.4040508958712023,0.41911191898208255,0.44326149052194236,0.4435211633341989,0.4580628408205661,0.4580628408205661,0.4593612048818489,0.4593612048818489,0.4593612048818489,0.46663204362503247,0.46663204362503247,0.46663204362503247,0.4687094261230849,0.4687094261230849,0.46896909893534144,0.46922877174759803,0.4759802648662685,0.4759802648662685,0.4759802648662685,0.4759802648662685,0.4822124123604259,0.5009088548428979,0.5014282004674111,0.5022072189041807,0.5146715138924954,0.537782394183329,0.5440145416774864,0.5780316800830952,0.6164632562970657,0.6398338094001558,0.6398338094001558,0.6577512334458582,0.6863152427940794,0.7026746299662425,0.7128018696442483,0.7128018696442483,0.714100233705531,0.7224097636977408,0.7224097636977408,0.7224097636977408,0.7226694365099974,0.7226694365099974,0.7465593352376007,0.7631783952220202,0.7631783952220202,0.8223837964165152,0.8379641651519086,0.8675668657491561,0.9117112438327707,0.9205401194494937,0.9205401194494937,0.9223578291352895,0.9231368475720592,0.9231368475720592,0.9231368475720592,0.9231368475720592,0.9265125941313944,0.9265125941313944,0.9265125941313944,0.9265125941313944,0.9332640872500649,0.9332640872500649,0.9332640872500649,0.9332640872500649,0.9358608153726304,0.9358608153726304,0.9568943131654116,0.9742923915866009,0.9955855621916385,0.9961049078161517,0.9961049078161517,0.9961049078161517,0.9961049078161517,0.9961049078161517,0.9961049078161517,0.9961049078161517,0.9961049078161517,0.9963645806284082,0.9963645806284082,0.9963645806284082,0.9963645806284082,0.9966242534406647,0.9966242534406647,0.9966242534406647,0.9966242534406647,0.9966242534406647,0.9968839262529213,0.9968839262529213,0.9968839262529213,0.9974032718774344,0.9974032718774344,0.9974032718774344,0.9974032718774344,0.9974032718774344,0.9974032718774344,0.9974032718774344,0.9974032718774344,0.9974032718774344,0.9974032718774344,0.9974032718774344,0.9974032718774344,0.9974032718774344,0.9974032718774344,0.9974032718774344,0.997662944689691,0.997662944689691,0.9992209815632304,0.9992209815632304,0.9992209815632304,0.9992209815632304,0.9992209815632304,0.9992209815632304,0.9992209815632304,0.9992209815632304,0.9992209815632304,0.9992209815632304,0.9992209815632304,0.9992209815632304,0.9992209815632304
0.37366917683718515,0.569981822903142,0.5775123344585822,0.5816670994546871,0.5816670994546871,0.5821864450792003,0.613347182549987,0.613347182549987,0.6429498831472344,0.6445079200207738,0.654375486886523,0.6694365099974032,0.6694365099974032,0.6694365099974032,0.6694365099974032,0.6694365099974032,0.6824201506102311,0.6943650999740327,0.7120228512074785,0.7128018696442483,0.7265645286938458,0.7437029343027785,0.7626590495975072,0.7904440405089587,0.7904440405089587,0.7904440405089587,0.8086211373669177,0.8086211373669177,0.8449753310828356,0.8582186445079201,0.8582186445079201,0.8582186445079201,0.8582186445079201,0.8582186445079201,0.8582186445079201,0.8582186445079201,0.8766554141781355,0.883406907296806,0.8847052713580889,0.8852246169826019,0.8867826538561413,0.8867826538561413,0.8875616722929109,0.9083354972734354,0.9083354972734354,0.9220981563230329,0.9366398338094002,0.9366398338094002,0.9366398338094002,0.9368995066216567,0.9368995066216567,0.9368995066216567,0.9387172163074526,0.9413139444300181,0.9413139444300181,0.9413139444300181,0.9413139444300181,0.9413139444300181,0.9413139444300181,0.9628667878473124,0.9971435990651779,0.9989613087509738,0.9989613087509738,0.9989613087509738,0.9989613087509738,0.9989613087509738,0.9989613087509738,0.9992209815632304,0.9994806543754868,0.9994806543754868,0.9994806543754868,0.9994806543754868,0.9994806543754868,0.9997403271877434,0.9997403271877434,0.9997403271877434,0.9997403271877434,0.9997403271877434,1.0,1.0,1.0,1.0,1.0,1.0,1.0,1.0,1.0,1.0,1.0,1.0,1.0,1.0,1.0,1.0,1.0,1.0,1.0,1.0,1.0,1.0,1.0,1.0,1.0,1.0,1.0,1.0,1.0,1.0,1.0,1.0,1.0,1.0,1.0,1.0,1.0,1.0,1.0,1.0,1.0,1.0,1.0,1.0,1.0,1.0,1.0,1.0
0.35211633341989096,0.5414178135549208,0.5437548688652298,0.5450532329265126,0.5853025188262789,0.5853025188262789,0.5855621916385354,0.6237340950402492,0.6237340950402492,0.6603479615684238,0.6902103349779278,0.6902103349779278,0.6907296806024409,0.7208517268242015,0.7208517268242015,0.7304596208776941,0.7333160218125162,0.7353934043105687,0.7462996624253441,0.7829135289535185,0.7855102570760841,0.7855102570760841,0.7860296027005973,0.7860296027005973,0.7860296027005973,0.7865489483251104,0.7870682939496235,0.7909633861334718,0.7920020773824981,0.7920020773824981,0.7920020773824981,0.7920020773824981,0.7920020773824981,0.7933004414437809,0.7933004414437809,0.8169306673591274,0.817190340171384,0.817190340171384,0.8192677226694365,0.8216047779797455,0.8231628148532849,0.8231628148532849,0.8231628148532849,0.8361464554661127,0.8361464554661127,0.8361464554661127,0.8361464554661127,0.8361464554661127,0.8361464554661127,0.8361464554661127,0.8361464554661127,0.8361464554661127,0.8361464554661127,0.8361464554661127,0.8410802388989873,0.8410802388989873,0.8410802388989873,0.8410802388989873,0.8410802388989873,0.8410802388989873,0.8410802388989873,0.8470527135808881,0.8470527135808881,0.8473123863931447,0.8473123863931447,0.8473123863931447,0.8473123863931447,0.8473123863931447,0.8473123863931447,0.8473123863931447,0.8473123863931447,0.8473123863931447,0.8473123863931447,0.8475720592054012,0.8475720592054012,0.8475720592054012,0.8475720592054012,0.8475720592054012,0.8475720592054012,0.8475720592054012,0.8475720592054012,0.8475720592054012,0.8475720592054012,0.8475720592054012,0.8475720592054012,0.8488704232666839,0.8488704232666839,0.8488704232666839,0.8488704232666839,0.8488704232666839,0.8488704232666839,0.8488704232666839,0.8488704232666839,0.8488704232666839,0.8488704232666839,0.8488704232666839,0.8488704232666839,0.8488704232666839,0.8488704232666839,0.8488704232666839,0.8488704232666839,0.8488704232666839,0.8488704232666839,0.8488704232666839,0.8488704232666839,0.8488704232666839,0.8488704232666839,0.8488704232666839,0.8488704232666839,0.8488704232666839,0.8488704232666839,0.8488704232666839,0.8488704232666839,0.8488704232666839,0.8488704232666839,0.8488704232666839,0.8488704232666839,0.8488704232666839,0.8491300960789405,0.8491300960789405,0.8491300960789405,0.8491300960789405,0.8491300960789405,0.8491300960789405,0.8491300960789405,0.8491300960789405
0.6169826019215788,0.6307452609711763,0.6522981043884706,0.7218904180732277,0.7218904180732277,0.7218904180732277,0.7218904180732277,0.7218904180732277,0.7218904180732277,0.7218904180732277,0.7218904180732277,0.7244871461957934,0.7442222799272916,0.7442222799272916,0.7444819527395482,0.7444819527395482,0.7444819527395482,0.7444819527395482,0.7450012983640613,0.7452609711763178,0.7530511555440146,0.7782394183329006,0.8096598286159439,0.8340690729680602,0.8340690729680602,0.8384835107764217,0.8384835107764217,0.8384835107764217,0.8706829394962348,0.8800311607374708,0.8800311607374708,0.8802908335497274,0.8802908335497274,0.8867826538561413,0.8873019994806544,0.9041807322773305,0.9044404050895871,0.9052194235263568,0.9052194235263568,0.9070371332121527,0.9070371332121527,0.9166450272656453,0.9239158660088289,0.9239158660088289,0.9239158660088289,0.9239158660088289,0.9239158660088289,0.9239158660088289,0.9239158660088289,0.9239158660088289,0.9239158660088289,0.9239158660088289,0.9239158660088289,0.9239158660088289,0.9239158660088289,0.9239158660088289,0.9239158660088289,0.9239158660088289,0.9239158660088289,0.9239158660088289,0.9239158660088289,0.9239158660088289,0.9239158660088289,0.9239158660088289,0.9239158660088289,0.9239158660088289,0.9239158660088289,0.9239158660088289,0.9239158660088289,0.9239158660088289,0.9239158660088289,0.9239158660088289,0.9239158660088289,0.9239158660088289,0.9239158660088289,0.9239158660088289,0.9239158660088289,0.9239158660088289,0.9239158660088289,0.9239158660088289,0.9239158660088289,0.9239158660088289,0.9239158660088289,0.9239158660088289,0.9239158660088289,0.9239158660088289,0.9239158660088289,0.9239158660088289,0.9239158660088289,0.9239158660088289,0.9239158660088289,0.9239158660088289,0.9239158660088289,0.9239158660088289,0.9239158660088289,0.9239158660088289,0.9239158660088289,0.9239158660088289,0.9239158660088289,0.9239158660088289,0.9239158660088289,0.9239158660088289,0.9239158660088289,0.9239158660088289,0.9239158660088289,0.9239158660088289,0.9239158660088289,0.9239158660088289,0.9239158660088289,0.9239158660088289,0.9239158660088289,0.9239158660088289,0.9239158660088289,0.9239158660088289,0.9239158660088289,0.9239158660088289,0.9239158660088289,0.9239158660088289,0.9239158660088289,0.9239158660088289,0.9239158660088289,0.9239158660088289,0.9239158660088289,0.9239158660088289,0.9239158660088289,0.9239158660088289
