1.0,1.0,0.9985085756897838,0.9839671886651753,0.9474272930648769,0.7703206562266965,0.8105891126025354,0.843027591349739,0.8251304996271439,0.8460104399701716,0.8736017897091722,0.8851603281133482,0.8829231916480239,0.8914988814317674,0.9157345264727815,0.9224459358687547,0.9336316181953765,0.9448173005219985,0.9403430275913497,0.9440715883668904,0.9451901565995525,0.9530201342281879,0.9541387024608501,0.9642058165548099,0.9697986577181208,0.9724086502609992,0.9742729306487695,0.9742729306487695,0.9739000745712155,0.9753914988814317,0.9813571961222968
1.0,1.0,1.0,0.9903057419835943,0.9869500372856077,0.9813571961222968,0.8717375093214019,0.8642803877703207,0.8560775540641312,0.8646532438478747,0.8351976137211037,0.8489932885906041,0.8717375093214019,0.8907531692766593,0.9161073825503355,0.9056674123788218,0.9194630872483222,0.9254287844891872,0.9530201342281879,0.9530201342281879,0.947054436987323,0.9653243847874721,0.9686800894854586,0.9746457867263236,0.9817300521998509,0.9787472035794184,0.9817300521998509,0.9843400447427293,0.9821029082774049,0.9828486204325131,0.9839671886651753
1.0,1.0,0.9996271439224459,0.9903057419835943,0.977255779269202,0.7859806114839671,0.8161819537658463,0.854586129753915,0.8366890380313199,0.8762117822520508,0.890007457121551,0.8907531692766593,0.912751677852349,0.9295302013422819,0.9328859060402684,0.9362416107382551,0.9250559284116331,0.9224459358687547,0.919090231170768,0.9261744966442953,0.9261744966442953,0.9336316181953765,0.9574944071588367,0.9656972408650261,0.9731543624161074,0.9735272184936614,0.9757643549589858,0.9750186428038777,0.9753914988814317,0.9750186428038777,0.9746457867263236
1.0,1.0,1.0,0.9970171513795675,0.9813571961222968,0.9653243847874721,0.9168530947054437,0.9175988068605518,0.8885160328113348,0.8754660700969426,0.8594332587621178,0.8844146159582401,0.890007457121551,0.8929903057419836,0.912751677852349,0.9202087994034303,0.9269202087994034,0.9231916480238628,0.9369873228933632,0.9660700969425802,0.9697986577181208,0.9742729306487695,0.9739000745712155,0.9750186428038777,0.9739000745712155,0.9761372110365399,0.9735272184936614,0.9802386278896346,0.9809843400447428,0.976882923191648,0.9783743475018642
1.0,1.0,0.9988814317673378,0.9712900820283371,0.6465324384787472,0.8161819537658463,0.767710663683818,0.7356450410141685,0.7401193139448173,0.8448918717375093,0.8571961222967934,0.8698732289336316,0.9194630872483222,0.9175988068605518,0.930648769574944,0.9444444444444444,0.9507829977628636,0.9574944071588367,0.9552572706935123,0.9604772557792692,0.964951528709918,0.9645786726323639,0.9701715137956749,0.9727815063385533,0.9787472035794184,0.9783743475018642,0.9862043251304996,0.9873228933631618,0.9873228933631618,0.9858314690529456,0.988441461595824
1.0,1.0,1.0,0.9996271439224459,0.9697986577181208,0.7356450410141685,0.5070842654735273,0.70917225950783,0.6879194630872483,0.7352721849366145,0.7259507829977628,0.7818791946308725,0.8732289336316182,0.8814317673378076,0.901193139448173,0.9019388516032811,0.9019388516032811,0.9134973900074571,0.9250559284116331,0.9373601789709173,0.947054436987323,0.953392990305742,0.959358687546607,0.9615958240119314,0.9627143922445935,0.9690529455630127,0.9757643549589858,0.9791200596569725,0.9865771812080537,0.9891871737509321,0.9895600298284862
1.0,1.0,1.0,0.9992542878448919,0.994034302759135,0.9653243847874721,0.6700223713646533,0.7404921700223713,0.8452647278150633,0.8575689783743475,0.8784489187173751,0.8773303504847129,0.8941088739746458,0.9052945563012678,0.9026845637583892,0.8948545861297539,0.9164802386278896,0.9295302013422819,0.9489187173750933,0.948173005219985,0.9504101416853095,0.959731543624161,0.9623415361670395,0.9619686800894854,0.9727815063385533,0.9787472035794184,0.9776286353467561,0.9742729306487695,0.9753914988814317,0.9753914988814317,0.9757643549589858
1.0,1.0,0.9966442953020134,0.9869500372856077,0.9578672632363907,0.8456375838926175,0.517524235645041,0.686055182699478,0.7076808351976137,0.7919463087248322,0.8161819537658463,0.8612975391498882,0.8709917971662938,0.8791946308724832,0.8967188665175242,0.9235645041014169,0.9258016405667412,0.9407158836689038,0.9377330350484713,0.9526472781506339,0.9548844146159582,0.9656972408650261,0.9750186428038777,0.9783743475018642,0.9761372110365399,0.9753914988814317,0.9757643549589858,0.9776286353467561,0.9791200596569725,0.9787472035794184,0.9780014914243103
1.0,1.0,1.0,0.9992542878448919,0.9973900074571216,0.889634601043997,0.6905294556301268,0.761372110365399,0.7378821774794929,0.7692020879940343,0.8557046979865772,0.8795674869500373,0.8933631618195377,0.9194630872483222,0.9224459358687547,0.9220730797912006,0.9403430275913497,0.9705443698732289,0.9720357941834452,0.9727815063385533,0.9712900820283371,0.9731543624161074,0.9727815063385533,0.9731543624161074,0.9731543624161074,0.9731543624161074,0.9798657718120806,0.9809843400447428,0.9817300521998509,0.982475764354959,0.9835943325876212
1.0,1.0,1.0,1.0,0.9574944071588367,0.7046979865771812,0.7311707680835198,0.8590604026845637,0.8747203579418344,0.8657718120805369,0.866517524235645,0.8873974645786726,0.895227442207308,0.9093959731543624,0.9205816554809844,0.9254287844891872,0.9287844891871737,0.9511558538404176,0.9519015659955258,0.9519015659955258,0.9451901565995525,0.9459358687546607,0.9530201342281879,0.9578672632363907,0.9604772557792692,0.959731543624161,0.9612229679343773,0.9604772557792692,0.9697986577181208,0.9791200596569725,0.9791200596569725
