0.8671443541306749,0.8671541777357358,0.867159089621733,0.8671689135606662,0.8671787377221901,0.867183649886426,0.8671983867130412,0.8672131240405367,0.8672180365943466,0.8672327745897228,0.8672426001982722,0.8672524260294693,0.8672573390285631,0.8672573390285631,0.8672622520833215,0.8672769915815951,0.8672966450253238,0.8673064720812182,0.867444074250357,0.8676948189964463,0.8683641808992779,0.8691233827060968,0.8695380525846449,0.8713147410358566,0.872059242381088,0.8726756581122525,0.8732481133528415,0.8748099978285466,0.8750950320393732,0.8769246631839428,0.8772613446870935,0.8778499013716226,0.878333409831551,0.8788527667587102,0.8797568011769168,0.8803537746699176,0.8809971859192376,0.8812811936930455,0.8815349268410657,0.8821190679235715,0.8826530906407293,0.8829177985016523,0.8832896756251515,0.8839629069324311,0.8842130798154063,0.8844582844663728,0.884764981592681,0.8850514242107149,0.8854763144195731,0.8858708546232055,0.88624009355046,0.8867072111207646,0.8869794955879882,0.8872365210638261,0.8876171922561792,0.8879209344948786,0.888338275315813,0.8886889385539721,0.8888643740093247,0.8893910962127242,0.8896908834144045,0.890094364305524,0.8907365493486318,0.8916392440082704,0.8920808810675368,0.8924761271817832,0.8927988242978445,0.8933093701494976,0.8939092252086022,0.8942277363053307,0.8944314935235658,0.8947294596205771,0.8951375245579568,0.8953678792841268,0.8957450792239099,0.8960649001738398,0.8963377148042976,0.8963849495860317,0.8965686877382856,0.8968155403505483,0.8971256116499164,0.8972780981853988,0.8978306384925313,0.898083455060629,0.8985367743298684,0.8989324846449249,0.8993496766006944,0.8996879389277088,0.9000687883259744,0.9003864092173596,0.9009215776279086,0.9012875536480687,0.9017919204533406,0.902121390689452,0.9026692689139548,0.9028875415791833,0.9033830393655252,0.9035269954437074,0.9038043734945449,0.904060565975339,0.9041993975547812,0.9044184109317123,0.9047925815164393,0.9050332832803244,0.9053276483006996,0.9056436346426882,0.9384885118069689,0.9388683781231218,0.9392255024663182,0.9396578709926897,0.9398944007858546,0.9402811814781374,0.9405064690921154,0.9407492072855984,0.9410209914866152,0.9412466337936377,0.9414897542495879,0.9417619665717256,0.9418488759828229,0.9420169463366007,0.9422720642091722,0.9424808998171553,0.9427304636985036,0.942933694681408,0.9431253927378913,0.9433346068052697,0.9435555445983926,0.943724224659257,0.9439802682287652,0.9441141644876412,0.9443995484352541,0.9446326428611096,0.9448017082834467,0.9449300051848011,0.9450641710239585,0.9452100466770393,0.9453267796275255,0.9454435414144907,0.9455486516867813,0.9457355721116424,0.945864122778835,0.9459810173513273,0.9460394754730507,0.9462207415740059,0.9463845255095418,0.9465308090863,0.9465951881875012,0.9467005547001095,0.9467708120744355,0.9468820742463415,0.9469933625718333,0.9471163958970045,0.9473215224964883,0.9474446411110149,0.9475736568457539,0.9477261752943653,0.9478611363931868,0.9481135581043922,0.9482662504181069,0.9483132425635245,0.9484366191075069,0.9486005341330871,0.9488121873973485,0.9489180494517415,0.9490651192778853,0.9491474982949966,0.9492534351902376,0.9493652831265155,0.949483046274646,0.9495713878102942,0.9496833106905129,0.9497893672331106,0.9499072356215214,0.9500133421867534,0.9500781967579376,0.9502492194434616,0.9503141062250143,0.9504262042676302,0.9505206231334248,0.9505737419899657,0.9506681901733817,0.950798087075337,0.950874861022255,0.9509811838811274,0.9511643512190273,0.9513002951685567,0.9513475891297999,0.9514008004574043,0.9515663848831427,0.9517142768331728,0.9517556948174675,0.951885889097534,0.9519332413038342,0.9519628388252194,0.9520161190020149,0.952140462611097,0.9522292993630573,0.9523122286226159,0.9523951723279831,0.9524603525188361,0.9525314683574233
0.8671443541306749,0.8671541777357358,0.8671738256136038,0.8671738256136038,0.867183649886426,0.8671934743818506,0.867203299099885,0.8672131240405367,0.8672180365943466,0.867237687366167,0.8672426001982722,0.8672524260294693,0.8672573390285631,0.8672917315808855,0.8673162993598097,0.8673408685306365,0.8676013873461338,0.8678915829993253,0.8685169005934213,0.8688027785344593,0.8710718126418927,0.8719201722311452,0.8726159668942874,0.8732879642675824,0.8744951759672343,0.8754453282705538,0.8761768493346688,0.8772965352832632,0.8777240750614905,0.8783182921301901,0.8784694925660903,0.8788376311740798,0.8791858815691995,0.8797365789745888,0.8800400096575035,0.8802980903586399,0.8804195924846017,0.8807690980013118,0.8812152469981465,0.8816516931582584,0.8820580778981332,0.8825207962229563,0.8827243425263365,0.8833559331813854,0.8836465644625047,0.8841722255912674,0.884504275479547,0.8849081797215045,0.885640236494695,0.8863016632991565,0.886655855438434,0.8871028492290219,0.8876068995506595,0.8881424369528517,0.8885599860699983,0.8889056630066832,0.8892619398910278,0.8899805249542191,0.8904982113253643,0.8910787355284832,0.8914575205264077,0.8917742865630952,0.8923876864605861,0.8927363485806256,0.8929810950961578,0.8932780954603804,0.8936065889549782,0.8941441704533508,0.894363564134321,0.8945830655057558,0.8947869847040464,0.8950328570426324,0.8953678792841268,0.8956769501699615,0.8961540712989522,0.8965214335910049,0.8968365553602812,0.8970572724396161,0.8973412112259971,0.8977463979311194,0.8980781865965834,0.8983469570983434,0.8989219278466741,0.8993338267949667,0.8996403554134738,0.899952383471774,0.9001375871679387,0.9002752164094844,0.900661862038535,0.9009905069064756,0.9012504120943814,0.901510467273209,0.9017388026294089,0.9020894959518225,0.902350035660185,0.9027917015580219,0.903116575129931,0.9037510183359505,0.9039484638957941,0.9045306296086216,0.9048032766538414,0.9049904824960688,0.9053008799318762,0.9055311396478194,0.9057079300470928,0.905938396899133,0.9394618146113958,0.9398540092211165,0.9401310496871143,0.9403331613473871,0.9406798407314555,0.940905319443164,0.9411887664764903,0.9414087001438955,0.9415824046055059,0.9418952342279154,0.942243066582961,0.9424228806412095,0.9426608046698932,0.9429395025684615,0.9430963425677799,0.9432706704375312,0.9434508769551231,0.9436660523087734,0.9439860890155019,0.9441840384852597,0.9444112004244267,0.9445743584680977,0.9448425262456257,0.94501750032408,0.9452158826398622,0.9453793188625066,0.9455369716135089,0.9456654682925021,0.9457823137657074,0.945951790999586,0.9461505658115116,0.9462792293285367,0.9464430335140616,0.946659576046897,0.9467708120744355,0.9468703612073232,0.9470167950264452,0.9472160177204695,0.9473273845620722,0.9474211874791133,0.9476205803704071,0.947743776736354,0.9478670051390007,0.9479726549921977,0.9480959429247358,0.9482662504181069,0.9483543645115129,0.9485012577291483,0.9486952264685287,0.9488481062085123,0.9489657395411689,0.9490716344812622,0.9491952084521713,0.9492717227523857,0.949324701417569,0.9494777841176908,0.9496014638836336,0.9497428516480448,0.9498430267909216,0.950096505327963,0.9502498370627851,0.9503855179349648,0.9504563233376793,0.9505920631865232,0.9506688028615075,0.9507809831382169,0.9508872836139803,0.9509581638040812,0.9510290545619452,0.9511413198802142,0.9512417902657562,0.9512949890634321,0.951383666950464,0.9515196718254708,0.9516852954706518,0.9518154687888585,0.9519160816549872,0.9520226361120612,0.9521410579345088,0.9522358166064353,0.9522832030156568,0.9523661405811616,0.9525142793145929,0.9525913296703981,0.9526446795270691,0.9527567385906062,0.9528397597485451,0.9529583865044041,0.9530473759571686,0.9531601197925422,0.953237275682138,0.953344127537676,0.9534094376872249,0.9534806953293846,0.953551963623906
0.8671443541306749,0.867159089621733,0.8671640015633763,0.8671689135606662,0.8671787377221901,0.8671885621063126,0.8671885621063126,0.8671885621063126,0.8671885621063126,0.8671983867130412,0.867203299099885,0.8672131240405367,0.8672327745897228,0.8672426001982722,0.8672573390285631,0.8672671651937458,0.8672720783598367,0.8672868181921186,0.8672966450253238,0.8673850965460974,0.8681179719530244,0.8693306681960921,0.8698888560583676,0.8717017230187561,0.8720443398859604,0.8727353574971211,0.8732730197483258,0.8737564851120662,0.8742404860889031,0.8746750464219397,0.8751900847234767,0.8760414759201611,0.8764627750933199,0.8770150895404393,0.8772764260254662,0.8773820099148923,0.8776435651510895,0.8782376731778676,0.8786409160042471,0.8789183603169135,0.8792565747531775,0.8794687225327597,0.8797568011769168,0.8800804828973843,0.8803537746699176,0.8810884541671703,0.8819462847530274,0.8824597506355163,0.8828108781399211,0.8829941860465116,0.8839322832463393,0.8843050156250902,0.8851640059901359,0.88537389393326,0.8860246667785604,0.8865480278664126,0.8870154701894664,0.8875142759416325,0.8878127990257199,0.8879930394431554,0.888379515450457,0.8887353706111834,0.8890450416966712,0.889303265832491,0.8895564710599255,0.8897684474822151,0.8899650036624074,0.8901409433435669,0.8904412363458697,0.89062254568302,0.8914834764885718,0.8918937813872738,0.8923356706943886,0.8927051140008164,0.8931634403332517,0.8934553476591225,0.8940240719003486,0.8943217665615142,0.8946405717658471,0.8949386772047562,0.8952736289313326,0.8955669174339834,0.896327218862158,0.8966684628540637,0.8973149130467912,0.8975779642235239,0.8979780975229201,0.8984313104103946,0.8987213957802539,0.8990591855671314,0.8993338267949667,0.899666790077749,0.8999418027052924,0.9003387517937378,0.9006194737120771,0.9011602239214509,0.9013724601244694,0.9018503572880278,0.9021267066983306,0.9023713108521512,0.902600082542303,0.9027544359332709,0.9030313397707767,0.9032657757323657,0.9034736730285755,0.9390699471853665,0.9395944320329953,0.939934795822512,0.9403678177864593,0.9405989260128534,0.9408879710893133,0.9411193350874173,0.9414318570356796,0.9418025223008305,0.9420807128527648,0.9422546654192723,0.9424576912895462,0.9426375872812581,0.9428698126455046,0.9430614847258413,0.943229988170347,0.9434508769551231,0.9436544186992621,0.9437940409476779,0.9439046045330111,0.9441607460035524,0.9443412928019345,0.9444519846508815,0.9446676169495918,0.9449183403903366,0.9451166810717373,0.945262572936927,0.9454260253077004,0.9457530996904943,0.9458582788085484,0.9460219372779237,0.9461505658115116,0.9462382871411972,0.9463903759844711,0.946554218655323,0.9467825226506694,0.946923072165076,0.9470578046124913,0.9472804900686839,0.9475384672517733,0.9476323119777159,0.9477261752943653,0.9479080883946428,0.9480372303862374,0.9481605351170569,0.9482721241815896,0.9485071344043717,0.948560027758501,0.9486658321662721,0.9487775402063773,0.9488951560417764,0.9490716344812622,0.9491481288594599,0.9492540645113285,0.9493600238130674,0.9495720133978415,0.9496839349631826,0.949783474581529,0.949854191226655,0.9499720757058641,0.9500840930671317,0.950184341522152,0.950343603146126,0.9504085028185453,0.9505029181671427,0.9505560350447995,0.95065047970938,0.9509102993335031,0.951022538081157,0.9511170754740426,0.9512648277833358,0.951424451847064,0.9515131550323515,0.9515900445063279,0.9516610304356475,0.9517556948174675,0.9518326234961296,0.9519450800915332,0.9520220393898123,0.9520516424333636,0.9521226972497605,0.9521641507908372,0.9522411455158429,0.9523063046250505,0.9524010974312395,0.9525018354674532,0.9525966672059537,0.9526559466321501,0.9526974466204905,0.9527685978702615,0.9528575518791003,0.9528931381336521,0.9529880478087649,0.9530473759571686,0.9531423163609648,0.9531957286510383
0.8671443541306749,0.867159089621733,0.8671640015633763,0.8671738256136038,0.8671934743818506,0.867203299099885,0.8672082115423833,0.8672131240405367,0.8672229492038135,0.8672475130860393,0.8672573390285631,0.8672573390285631,0.8672671651937458,0.8672720783598367,0.8672819048590221,0.86740475488974,0.8675325558464521,0.8676259726716804,0.8677981089721788,0.8684282181026072,0.8688077091148478,0.8692023369500417,0.8700915616634555,0.8705665591893137,0.8707299593898236,0.8711709507252645,0.8716173514993822,0.8724568302273893,0.8734324543286511,0.873946029879375,0.874405268478801,0.874760010970927,0.8752000914703865,0.8756155733626177,0.8758409995880818,0.8767187616326017,0.8773518404960714,0.8781923315206168,0.8785652797704447,0.8788376311740798,0.8792616247013416,0.8799590743444423,0.8802930284978264,0.8812000299316752,0.8820682423166896,0.8826225576394214,0.8829636294425027,0.8832947720073623,0.8837689927492726,0.8842641529050927,0.8846831748967031,0.8851384167071394,0.8862554851856569,0.8866250448843431,0.8870463078848561,0.8878642888212266,0.8881166751751984,0.8884929455668212,0.8890605309158909,0.889721907418708,0.8901719987440254,0.8906691800188501,0.8910994825348226,0.8914990507913954,0.8921640616804783,0.8925958101812712,0.8928665161933756,0.8930227674430814,0.8933302211588959,0.893721357891357,0.8940240719003486,0.8943060934789085,0.8946719419331085,0.8951322906007894,0.8955931132522509,0.8958656406355151,0.8962590012294362,0.8964741844245735,0.8967735132855336,0.8970309909001951,0.8972675802084188,0.8974779866102311,0.897914894864952,0.8981888373239147,0.8984207653800785,0.898700292346166,0.8992757156199886,0.8995399178550653,0.9001217095786026,0.9003758182427704,0.9007466506628069,0.9010382333553065,0.9012875536480687,0.9016007255680278,0.9021054430387205,0.9023925870473742,0.9028449435021585,0.9030366665093672,0.9032870941285454,0.9036283253746672,0.9041246367910042,0.9043542984741347,0.9398770896901457,0.9402003353252225,0.9405815889555852,0.940905319443164,0.9411482635879087,0.9414492254521527,0.9416924505902109,0.9420169463366007,0.9422720642091722,0.9424808998171553,0.9428640056169049,0.9431312029866745,0.9435439137134053,0.9437358599900134,0.9439395247314745,0.9441025198268312,0.9443471180418476,0.9445452189686447,0.944702593627932,0.9449066758838633,0.9450933425523509,0.9452450635349906,0.9454435414144907,0.9456713098804707,0.9458349036495178,0.9460394754730507,0.9462792293285367,0.9463845255095418,0.9464547359830852,0.9465834822449901,0.9466947003895863,0.9468410798775396,0.947028511688617,0.947110536442319,0.9471925754060325,0.9473391089108911,0.9475736568457539,0.9477555113942389,0.9478846118124911,0.9479667849380469,0.9481370460288362,0.9483073682906433,0.9484836281403922,0.9485835378095026,0.9488069414316703,0.9489598571818204,0.9491657831594219,0.9492481785769649,0.9493364752573484,0.9494777841176908,0.9497251758750326,0.9498548134911772,0.949996276714573,0.9500552321612531,0.9502793296089386,0.9503442196549733,0.9504150189040025,0.9505330410972512,0.9506274799585199,0.9507455549276181,0.950834130405078,0.9509404427659205,0.951064503904527,0.9512122379490748,0.951312723318316,0.951401404511839,0.9515255859629931,0.9517503776787213,0.9518509767835159,0.9519930352590013,0.9521114497170222,0.9522417396496815,0.9523365183636907,0.9524787218157383,0.9525557664188159,0.9526683924926569,0.9527632561613144,0.9528522080104566,0.9529411764705882,0.9530420274787871,0.9532022464914137,0.9533150255001962,0.9534515831693281,0.9535050294291676,0.9535703607733705,0.9536594633991367,0.9537782928060109,0.9538080047849274,0.9539506480558325,0.9540338763351738,0.9540517128559232,0.9541884816753927,0.9542717514617332,0.9543431371326693,0.954426433915212,0.9545037939483874,0.9545871187793457,0.9546287866505369,0.9546645048640559
0.8671443541306749,0.8671492659053833,0.867159089621733,0.8671689135606662,0.8671738256136038,0.8671738256136038,0.867183649886426,0.8671983867130412,0.8672082115423833,0.8672229492038135,0.8672278618689386,0.8672475130860393,0.8672475130860393,0.8672671651937458,0.8672868181921186,0.8672966450253238,0.8673850965460974,0.8682952283181423,0.8688520868568316,0.8691529888666208,0.8702053159318797,0.8706111167980346,0.8711015516976494,0.8717563250593642,0.872352428329658,0.8733577121211257,0.8737913950753987,0.874390285694703,0.8751450571939794,0.875470360161495,0.8770000171859694,0.8774976785775699,0.8784392483144455,0.8794182018715425,0.8797719684387768,0.8803082142549092,0.8808653873816853,0.8810985962509137,0.8813420763265611,0.881641538337499,0.8828312419265547,0.8831571903267491,0.8834527890308508,0.8838812484844286,0.8842028659054286,0.8847547549283077,0.8853585329038303,0.8859785175239594,0.8864042985600056,0.8866199100001737,0.8868921408460496,0.8872828014698212,0.8877716114890137,0.8883073477274441,0.888807607900512,0.8893600952740581,0.8898098205152051,0.8902289392732327,0.89062254568302,0.891073548927848,0.8913952323834589,0.8916652105539052,0.8919041737549812,0.8921744603478018,0.8923148660857401,0.8926686764199957,0.8928821388577828,0.8935127090203403,0.8937735353358438,0.8943008692401159,0.8951741639720028,0.8954202491665204,0.8958289445965874,0.895996722462835,0.8962957325105531,0.8966632109785454,0.8968470632344843,0.8972307692307693,0.8975411277745858,0.897804311618851,0.8979886321642881,0.8981835676233836,0.8983416855422677,0.8986580884511077,0.8988427597625632,0.8994183655484401,0.8995822046198415,0.8997936980939114,0.9000052910363965,0.9000846640483526,0.9003758182427704,0.9006883567688415,0.9009905069064756,0.9013512320056523,0.9018025447690857,0.9021958205155405,0.9025149446429203,0.9027118504148265,0.9030739554391491,0.9035109980582983,0.9037723596434264,0.9041086182357214,0.9042474645749287,0.9045252852306365,0.9048353635831693,0.9050921409694755,0.9053222945002957,0.9056597076379728,0.937867574985297,0.9382584393616239,0.9385805723814896,0.9388165600642681,0.9392312647627228,0.9394502844308621,0.9398886303497646,0.940044456998293,0.9402407566638005,0.9404140303458444,0.9407954573388068,0.9410267758353618,0.9412524209167205,0.9414492254521527,0.941680865591034,0.9418256985714814,0.942057524029882,0.9423184641236974,0.9424634933142899,0.9426375872812581,0.942846584960276,0.9430382475960501,0.9432009315564757,0.9434508769551231,0.9436311523407402,0.943927884378237,0.9441199869257667,0.9443238175133855,0.9444636379340128,0.9447317428384533,0.9449300051848011,0.9450991770741374,0.9452684095483903,0.9453501296776584,0.9454785755752912,0.9455661723377577,0.9457063609238999,0.9458758109360519,0.9461271762037489,0.946232438546502,0.9463552742198704,0.9464664387415069,0.9466244543104835,0.9468235119489387,0.9469699312767919,0.9471632741446514,0.9472922132567695,0.9474446411110149,0.9476029835040698,0.9477789815817985,0.9478846118124911,0.9480196180426543,0.948289745908646,0.9484124771551591,0.948535881135606,0.9486299247728934,0.9487122282541335,0.9488298294327647,0.9489533420529,0.9490592356095595,0.9491886931666698,0.9492004637868069,0.9492652074161344,0.9493476211737858,0.9494241610488517,0.9495124916267645,0.9495949483295495,0.9497481202074596,0.949854191226655,0.9499484964692158,0.9500899894495128,0.9501548544864354,0.9502020346220929,0.9502551178756315,0.9503377036154151,0.9504498072254748,0.9505442307811715,0.9506445763680171,0.950721325524925,0.9507862767992448,0.9508807672240304,0.9510048144121758,0.9511820808350678,0.9513002951685567,0.9513771502436115,0.9514599311364964,0.9515072409720927,0.951554555512736,0.9516137053060818,0.9516965273719679,0.951767529189411,0.9518622147609277,0.9519391606608754
0.8671443541306749,0.8671689135606662,0.8671787377221901,0.8671934743818506,0.8672180365943466,0.8672180365943466,0.867237687366167,0.8672426001982722,0.8672524260294693,0.8672622520833215,0.8672720783598367,0.8672917315808855,0.8672917315808855,0.8673015585254343,0.8673457825318407,0.8674145843957165,0.8675669702310451,0.8678325444290128,0.8680687469167654,0.8683789578771824,0.8691776622078895,0.8695578086393456,0.8699234576459959,0.8699382877405131,0.870170691918991,0.8705071561385852,0.8732481133528415,0.873871199753405,0.8742704419037611,0.8749099886842917,0.8753452150196408,0.8762821686967671,0.8763674457744423,0.8771809196390202,0.8775882231547086,0.8783434885882474,0.8786459588828817,0.8789637769777977,0.8801108402704318,0.8804803561260934,0.8808349779345344,0.8810985962509137,0.8817380185804876,0.8821343167478176,0.8823275141636937,0.8825207962229563,0.8827294323869271,0.8830043720511727,0.8836618661433231,0.8840343704524981,0.884177332162824,0.8846525012857481,0.8849593331444988,0.8854814360659151,0.8856658548014787,0.8860400509318208,0.8864504921829762,0.8870874281475988,0.8872982293447707,0.8877613152019485,0.8882712682626809,0.8889108244010637,0.8891792995295348,0.8897270782964478,0.8902030563114925,0.8905137512215552,0.8907831956243454,0.8912136083410468,0.8914627115979247,0.8919977159637817,0.8922732597786365,0.8929185938675641,0.8931738623103851,0.8937161404819727,0.8939666448659255,0.8942695250890823,0.8944628490298154,0.8947503769769372,0.8949753003419952,0.8953469330463669,0.8957188745151041,0.8964899335933383,0.8967472483701096,0.8973938122091046,0.8977516625030787,0.8979938995776631,0.8982309971543404,0.8988374823860967,0.8990063891759842,0.8995399178550653,0.8997513914438692,0.9000105821350045,0.9002434520799275,0.900555898702903,0.9010700537969841,0.9013936892432155,0.901542321078388,0.9017866083893428,0.9019619395510516,0.9022543097097392,0.902616047686711,0.9029940543601359,0.9032977537039987,0.903479004986869,0.9388741360383179,0.9393349981899286,0.9395713654441008,0.93981362112785,0.9401945611319921,0.9404140303458444,0.9407492072855984,0.9411019788407275,0.9412929327709392,0.9415534494104912,0.9418720545349395,0.9420691182986265,0.9422778639485929,0.942573745359168,0.9427478800642909,0.9429395025684615,0.9431602553044678,0.9433636716559548,0.9436078871294818,0.9438347718865598,0.9441665690162387,0.9443354676338873,0.9446151567879753,0.9449183403903366,0.9450291675669003,0.9451808679438658,0.9453559673704296,0.9454902542058845,0.9457005189028911,0.9458933437135072,0.9460745538142087,0.9462499845474887,0.9463552742198704,0.9465249568749652,0.94663030775224,0.9468235119489387,0.9472336002177976,0.9473742836986522,0.9475091445865904,0.9476440438755045,0.9478200572072463,0.9479843953185956,0.9481957709316585,0.9482779980178394,0.9484013653906913,0.9485306418334913,0.9486246832031032,0.9487363815520383,0.9488304637239225,0.9489539748953975,0.9492422927155931,0.9493305883009531,0.9494601182096143,0.9495366752260802,0.9496073542000074,0.9496662613830922,0.9497958829149656,0.9499668017349971,0.9500788163888441,0.9501731650094961,0.9502616338615668,0.950297026015382,0.9504268198044389,0.9505088197492845,0.9506445763680171,0.9507508477313096,0.9508217085077575,0.9509516473686827,0.951022538081157,0.9510757130520678,0.9512530059092914,0.9514008004574043,0.951554555512736,0.951643282960458,0.9517556948174675,0.9519273220204081,0.9520575632629962,0.9522056079416814,0.9522766857427221,0.9523477741558215,0.9524188731833566,0.9525551759969635,0.9526263059968513,0.9527093044241289,0.9527448796061763,0.9528338291860132,0.9529524544650971,0.9530295767370341,0.9532075988617896,0.9532610184689341,0.953344127537676,0.9533856875066169,0.9535222672064777,0.9535697823622479,0.9536173022537282,0.9537539483275289,0.9538371433733964
0.8671443541306749,0.8671492659053833,0.867159089621733,0.8671640015633763,0.8671689135606662,0.8671738256136038,0.8671787377221901,0.8671885621063126,0.8671885621063126,0.8671934743818506,0.8671983867130412,0.8672180365943466,0.8672229492038135,0.867237687366167,0.8672524260294693,0.8672622520833215,0.8672671651937458,0.8672769915815951,0.8673015585254343,0.8673261268611054,0.867399840220292,0.8674637352674524,0.867547304534095,0.8678768226036871,0.8683050780164371,0.8689112642321183,0.869582504970179,0.8703092045047555,0.8709925184194806,0.8714685004184005,0.8719847349984337,0.8723772836579556,0.8727900891090802,0.8732132467858406,0.8737016322337633,0.8741905642923219,0.8748599903993417,0.875250128637585,0.8761567913740707,0.8764728109649274,0.8770000171859694,0.8776385337720857,0.8781923315206168,0.8795091432412402,0.8800906017890404,0.880758963501634,0.8821495660992728,0.8830960566695124,0.8831673800925338,0.8833253515356786,0.883615962690616,0.8838965582942164,0.8851128289036256,0.8857017229209817,0.8860913353012676,0.8862349631241968,0.8868664515493659,0.8872313790945129,0.8874422487203418,0.8876738064037295,0.8882454990107397,0.8886218785915787,0.8888695349242293,0.8894944482856795,0.8902600008141381,0.8907831956243454,0.89119804400978,0.8917483136642707,0.8920548903067914,0.8924501133852943,0.8927988242978445,0.8934084211140615,0.8935961568769372,0.8937422281380808,0.894170283104276,0.8943740141379914,0.8946510282438331,0.8950066939882724,0.8952265111954482,0.8953993004784353,0.8957974932415826,0.896148825447372,0.8965109333458263,0.8970625289323028,0.8974516804136403,0.8978306384925313,0.8984207653800785,0.8989588777253856,0.8993232605681791,0.8998307196764865,0.9000529131636192,0.9005029263845181,0.9006989550974301,0.9010276270408344,0.9015263938944245,0.9017653607591581,0.9019938252692606,0.9022436747467246,0.9025255860019809,0.902983401951185,0.903260446290549,0.9034736730285755,0.9038097093569012,0.9041726958627411,0.9045787318525872,0.9386266094420601,0.9392543146554104,0.9396117327179323,0.9399751943315363,0.9403620415358817,0.9406220430834266,0.940922668436774,0.941136691974303,0.9415187055270943,0.9418662597899581,0.9420749155400208,0.9422778639485929,0.9426666091957562,0.9428872341604922,0.9431021524586326,0.9432939190230016,0.943625335930373,0.9438638675668177,0.9440093728803108,0.944300518134715,0.9444927724000074,0.944725912852444,0.9449183403903366,0.9451166810717373,0.9453734808813359,0.9456596267767022,0.9460160913573838,0.9462207415740059,0.9463845255095418,0.9464898451265882,0.9468118003587112,0.9469406437885048,0.9471867150087239,0.9473215224964883,0.9474505047004289,0.9475736568457539,0.9477085745061503,0.9477848493103193,0.9479550450478343,0.948072457036693,0.9482427560918202,0.9484189919214948,0.9485130111524164,0.9485659051619979,0.9486540749553837,0.9488598682294023,0.9489833870567815,0.9491657831594219,0.9492481785769649,0.9493776859965396,0.9494895617549648,0.9495955736403334,0.9496839349631826,0.949736959650603,0.9498901753471576,0.9499550122552822,0.9500611281083798,0.9501259883569381,0.9502439387732301,0.9503560187972959,0.9504976313616411,0.9505743557901273,0.950615674074626,0.9506806100650802,0.950763268702878,0.9508872836139803,0.9509463497052557,0.9510526871633669,0.9511235920152588,0.9512299691187345,0.951377754576979,0.9514368816188534,0.9515551577534124,0.9516852954706518,0.9518036333793413,0.951892406125837,0.9519871153092762,0.9520226361120612,0.9520759222866241,0.9521410579345088,0.9522002798942621,0.9522713559712123,0.952348367029549,0.9524016896746941,0.9524550182913172,0.9524965002333178,0.952597257137168,0.952650607657795,0.952709893023169,0.9528106950806612,0.9528581387242941,0.9529471082919906,0.952994565521878,0.9530420274787871,0.9531310313912513,0.9531844417187082
0.8671443541306749,0.8671689135606662,0.8671738256136038,0.867183649886426,0.8671934743818506,0.8671934743818506,0.8672082115423833,0.8672131240405367,0.8672229492038135,0.8672327745897228,0.8672426001982722,0.8672573390285631,0.8672769915815951,0.8672917315808855,0.8673064720812182,0.8673162993598097,0.867321213082619,0.8673457825318407,0.8673900110484716,0.8676554769016271,0.8678817426797811,0.8686056011983114,0.8693109224610318,0.8697208303507517,0.8702498365687974,0.8705715098094967,0.8717910753741372,0.8723573992820104,0.8728746878314119,0.8732032854209446,0.8733427652146133,0.8738612233714638,0.8741206833546501,0.874390285694703,0.8751750750321566,0.8756356065502509,0.8759863357804569,0.8762771529149137,0.8769949931829378,0.8775027083416924,0.8782578265284463,0.8788224961107699,0.8793070768453157,0.8799287274399357,0.880252535706893,0.8805461928700433,0.8818345199419368,0.8824088857635266,0.8831419061189406,0.8839526988013027,0.8843254484013517,0.8850514242107149,0.8852561396610248,0.8855685131195336,0.8864299610894941,0.8869178316310273,0.8876171922561792,0.8882248846856778,0.8884877890240506,0.8887198927196838,0.8895719781049891,0.8899701773661906,0.8902496467263307,0.8904308780419711,0.8908661344009683,0.8912551158823769,0.8917171481826655,0.8919145663648758,0.8921224694350882,0.892840479634209,0.8930227674430814,0.8937526636269696,0.8939509842278294,0.8945882930420911,0.8950537885874649,0.8953416966400561,0.8957398381594884,0.8960281878094748,0.8963534591784158,0.8967419955716445,0.8970099667774086,0.8974043331457513,0.8975569144538968,0.8982204568256893,0.8986422630123799,0.8990116685360597,0.899397229370087,0.8996086358668187,0.8998783233307666,0.9000687883259744,0.9005506011906163,0.9007890509617478,0.901054143295213,0.9013618459400741,0.9019353698412231,0.9023181247531872,0.9025947609530043,0.902972749793559,0.9033030835860701,0.9039057656540608,0.9041780360749849,0.9044558140634047,0.9388338321149978,0.9393753451555501,0.9396290340399936,0.9399982807530302,0.9402811814781374,0.9405873679036618,0.9407954573388068,0.9411771938668864,0.9414144892600405,0.9417098286234514,0.9420285396065498,0.9425099120841234,0.9427362690822654,0.9428698126455046,0.9431195825606968,0.943386924826069,0.9437009548584356,0.9439337045189693,0.9441258094357077,0.9444286789473035,0.9446501295816364,0.9448891796641135,0.9450291675669003,0.9451867035463796,0.9453851569157805,0.9456245791973711,0.9457706279190451,0.945881655122985,0.9460394754730507,0.9462909277471118,0.9464898451265882,0.946647868511854,0.9468000890582094,0.9470226533212912,0.947157414109917,0.9473215224964883,0.9474035980171918,0.9475501968260256,0.9476440438755045,0.9478141890427751,0.9479198271218134,0.9480548433842381,0.9481722800976106,0.9482956199632054,0.9483778643687703,0.9484953811267448,0.9486188050711976,0.9487128639242467,0.9487716601799747,0.9489010375990182,0.9490422168495444,0.9492305212118206,0.9493482493891776,0.9494836728998046,0.9496603703359077,0.9497133923918708,0.9498842815216515,0.9500139625802848,0.950179062420477,0.9503737180601425,0.9504917299955298,0.9505861606477571,0.9507219375873311,0.9508105086640581,0.950881377408415,0.950964070963574,0.9510349626021917,0.9510881382678007,0.951135410518468,0.9512713444187607,0.951336370020072,0.9514250556225374,0.9515255859629931,0.9516143068488382,0.9517030442810163,0.951797715784958,0.9518864874275623,0.9519693559018494,0.9520226361120612,0.9521292144265394,0.9522121251702711,0.952295050354879,0.9524135399622992,0.9524485009114607,0.952495909110706,0.9525551759969635,0.9526796604684739,0.9527270916830549,0.952869413668617,0.9529109322577232,0.953005845477692,0.9530651758421685,0.9531660544175331,0.9533144440638914,0.95337975014635,0.9534510033507305,0.9535579031293602,0.9536113620082848,0.953688590971954
0.8671443541306749,0.8671492659053833,0.8671738256136038,0.8671885621063126,0.8671983867130412,0.8672131240405367,0.8672426001982722,0.8672573390285631,0.8672671651937458,0.8672819048590221,0.8672917315808855,0.8673261268611054,0.8674342440760173,0.8678669826188505,0.8683395537203208,0.8688175704435175,0.8691776622078895,0.8698839131991204,0.8702498365687974,0.8705418069329451,0.8710123406216396,0.8713097819591238,0.8718754805310188,0.872436942225059,0.8729692587544977,0.8734523877446225,0.8742854205810294,0.8748449920281615,0.8752401207464325,0.8757959050577514,0.8762871845360412,0.8767087201278212,0.8771256359719485,0.8777240750614905,0.8782376731778676,0.8785904904014462,0.8791707345087004,0.880019774433497,0.8806069739884725,0.8826072919309088,0.8833355451823044,0.8840394754317986,0.8845962718563289,0.88496444881207,0.8850770084639933,0.8860708208410988,0.886250354581189,0.886933246816449,0.8872005285301993,0.8874525376076056,0.887751019153711,0.8880393988085225,0.8883846707365196,0.8887044153672894,0.8889934148635936,0.8897684474822151,0.8900891891577614,0.8908557662092804,0.8913121950651498,0.8915873154538307,0.8918470187294282,0.8921068733428513,0.8923408719981347,0.8926686764199957,0.8931321758611034,0.8934397049297049,0.8938152816782171,0.8942643012775204,0.8949282140017771,0.8953835896056195,0.8956455094865059,0.8959600156847138,0.8961803014781209,0.8966947231545098,0.8971571563358904,0.8974727252475393,0.8980413090789636,0.8983311426157168,0.8989008149940109,0.8993021288594388,0.8995980631816473,0.8998941923348225,0.9001746370548078,0.9004393678279231,0.9006883567688415,0.9010647502339625,0.9013883818697818,0.9016219654404749,0.9020097689737864,0.9023340799245549,0.9026586241664161,0.9029674238089902,0.9031858407079646,0.903644326915131,0.9039484638957941,0.9042741706833003,0.9046482219044355,0.9048674527883678,0.9050118823821516,0.9051724137931034,0.9053865442846328,0.905713288409544,0.9061153463705668,0.9064533510175322,0.9401368231002591,0.9406104844061048,0.9408706233751867,0.941136691974303,0.9413334481125984,0.9415534494104912,0.9419068245022518,0.9421270939234679,0.9423126638844777,0.9425041094878378,0.9426143710362662,0.9428059392647974,0.9431137724550899,0.9434159929008085,0.9435846230654019,0.9437940409476779,0.9440966976041442,0.9443121676803317,0.9444461581171535,0.9446209854070897,0.9447434030263385,0.9448425262456257,0.9449533356377463,0.9451575262543758,0.9453676429722669,0.9455544918316297,0.9457530996904943,0.9461447183011544,0.9463084759173178,0.9464196294441662,0.9466127476441345,0.9468118003587112,0.9469347865082359,0.947157414109917,0.9473449711941286,0.9475267379679144,0.947702707722022,0.9478376621366437,0.9478963499582056,0.9479726549921977,0.9480196180426543,0.9481722800976106,0.9483308658188329,0.9484248675773627,0.9485012577291483,0.9485659051619979,0.948636439685461,0.9487540205380549,0.9488716305419025,0.9489422105413229,0.9490651192778853,0.9491710377838126,0.9492652074161344,0.9493476211737858,0.9493947211748363,0.9496479637728358,0.9498129385706398,0.9498895534982998,0.9499720757058641,0.9501135757109344,0.9502197283809618,0.9503318041579499,0.9504321048971889,0.9505147214047114,0.9506622866120609,0.9507685619352234,0.9508335196641077,0.9509516473686827,0.9510698044283193,0.9511348033276795,0.9511939009462977,0.9512352736491525,0.9513889752035299,0.9514894992324091,0.9515427264364387,0.9516491987119714,0.9517320269564569,0.9517971164068864,0.9518918078656925,0.9519805982215036,0.9521700730199405,0.9522766857427221,0.9523359253499223,0.9524129478589248,0.9525255416319267,0.9526322339763534,0.9527680099579897,0.9528688269491715,0.9529637330212523,0.9529933950459732,0.953088325934965,0.9531832757386134,0.9532485647035381,0.9532782444625721,0.953343546438491,0.953414795162114,0.9534498436702001
0.8671443541306749,0.8671492659053833,0.8671689135606662,0.8671738256136038,0.8671885621063126,0.8671983867130412,0.8672131240405367,0.8672229492038135,0.8672327745897228,0.8672426001982722,0.8672475130860393,0.8672573390285631,0.8672720783598367,0.8673162993598097,0.8673949256065362,0.8675128917096391,0.8677735138903847,0.868926059835512,0.8692615620475258,0.8701657458563536,0.8711213788629729,0.8713097819591238,0.8717960399309806,0.8724717468241892,0.873063850172229,0.8734175048637299,0.8740308528494924,0.8747000342817963,0.8753201902845119,0.8758309781800291,0.8761918934078136,0.8768995480607855,0.8773820099148923,0.8778196997671992,0.8784594109174791,0.879009198332587,0.8794535657249216,0.880262658555378,0.8806069739884725,0.8812913402144942,0.8817735692562897,0.8822054848989518,0.8824190582688239,0.8827650630546474,0.8834476908250475,0.8839067651287262,0.884289691662527,0.8845809377979372,0.8850974769316158,0.8854251012145749,0.8857324693358019,0.8864761573873013,0.8868150774203639,0.8875142759416325,0.8878385431769413,0.8882609603824819,0.888585773572859,0.8888024477046963,0.8889830902164824,0.8895719781049891,0.8899029239086206,0.8907935621268722,0.8911824802221407,0.8914263753668421,0.8916028933850508,0.892470924301163,0.892715525284568,0.8930904933028422,0.8933145828105944,0.8936170212765957,0.8938883471619673,0.8941232814306908,0.8942956450623595,0.8947190013091453,0.895043322692672,0.8953364602949949,0.8956507494471292,0.8959757467927708,0.8962694955739778,0.8965581863861836,0.8966684628540637,0.896957410781769,0.8973832915191446,0.8978517011031805,0.8981572200482256,0.8983311426157168,0.8985789668308202,0.8987636056218958,0.8989219278466741,0.8990750256937308,0.8991489536652552,0.899434218334146,0.8996985137255593,0.8999788364765084,0.9001640510616279,0.9005611962775156,0.9010435366061812,0.9012185789132866,0.9015847963203986,0.9018237941516059,0.9021054430387205,0.9025894394264556,0.9028875415791833,0.9030952647817033,0.9033830393655252,0.9037296780363404,0.9371376800504416,0.937527941257525,0.9377978706460347,0.9382001814036722,0.9384762511954097,0.9387294579347559,0.9389540054342159,0.9392823835468512,0.9394898986179641,0.9397378840428471,0.9399571429448569,0.9401765041853724,0.9403728615743727,0.9406097545989653,0.9407889480896985,0.9410549739668177,0.9412401241968705,0.9414600847441992,0.9416511865365925,0.9418423659261356,0.9420104361524072,0.9424105686302272,0.942526612610283,0.9427123424327702,0.9428923380142893,0.9431014514181514,0.943275783454718,0.9435199566107043,0.9436769918323317,0.943874814262197,0.9440552540700543,0.9442765324878795,0.9444163407321496,0.9444920874849616,0.9446611048032779,0.9448418453942293,0.9450284888853222,0.9453202670075274,0.9455129392872583,0.9458108600695667,0.946021270153192,0.9461323576673012,0.9463370608707478,0.9465360002473181,0.9466413549595899,0.9467642984365723,0.946904844376268,0.9470395733966804,0.9472095037742854,0.9473032845721641,0.9474615817845362,0.9475554125067313,0.9476492618155932,0.9477313952120645,0.9478722284483025,0.9479661405279551,0.9481540205253346,0.9482832312295199,0.9484183528070675,0.9485300040273862,0.9486710747284208,0.9488298294327647,0.9489062858347125,0.9490121688890542,0.9491298444445823,0.9491886931666698,0.9493122992397465,0.9494300492427531,0.949483046274646,0.9495766522966225,0.9496885778803444,0.9497533889629929,0.9498417819693491,0.9499360859798702,0.9501483384848372,0.950242703380467,0.9502957918717759,0.9503193886609266,0.9504019866521807,0.9504668951472707,0.9505495187829867,0.950643963386614,0.9507148091565127,0.9508092866104368,0.950951038004249,0.9510278376581827,0.9510987406574427,0.9511401056228642,0.9512464892004077,0.9513174248073577,0.9513883709946056,0.9514534142961025,0.9515362095435813,0.9515953578288464,0.9516604294364114
