0.96726,0.9672890186705602,0.9672977108397588,0.9672973837907033,0.9673454283599704,0.9673547767642823,0.9673544502565437,0.9673634726945389,0.9673731483611558,0.9674108750450126,0.967843631778058,0.9693394333413596,0.9709873748805392,0.9732221291032644,0.975399454897312,0.9778901528255428,0.9794677736865189,0.9810091630532602,0.9842866251208325,0.9857400628963242,0.9864317872041634,0.9873724054481711,0.987887070223934,0.9885211085211085,0.9891073188443384,0.9896191257227683,0.9900412266218055,0.9908187243953668,0.9911266917019483,0.9915451014691948,0.9919369960622539,0.9924007088502033,0.992883304984817,0.9930890489612695,0.9934099904961828,0.9938025813868422,0.9940107868550883,0.9942265453404455,0.9944557769757832,0.9947050082668843,0.9948084571907054,0.9949128591615638,0.9950181586025726,0.9950306010357274,0.9952493067545649,0.9952914587060928,0.9954466472669417,0.995499455748137,0.9955210916815789,0.9955832792581584,0.9957392014405059
0.96726,0.9672890186705602,0.967298037882273,0.9672970567351061,0.9673064037044075,0.9673547767642823,0.9673644519568326,0.967373474694939,0.9673731483611558,0.9673728220208446,0.9677374161913339,0.969390519187359,0.9713566827697262,0.9739177007963136,0.9759852341642496,0.9779525476151717,0.9800651558941574,0.9823899242059055,0.984385453871728,0.9855038071851592,0.9866760385764345,0.9869986140129496,0.98789052788597,0.988552111741344,0.9890967186413951,0.9897693162579586,0.9905142286570144,0.9911568948097534,0.9913952955393045,0.992002669252505,0.9923486672712679,0.9926992073425115,0.9931218753587793,0.9934426914201585,0.9935355180984606,0.9935355856091066,0.9938048474717928,0.9941041803869916,0.9943732677927104,0.9946639881979974,0.9946321505927654,0.9948814570576229,0.9950271153081095,0.9951312469243092,0.9951630633931843,0.9953715338862361,0.9955286553504299,0.9955710980117057,0.9957689689480023,0.9958523608027148,0.9959036144578314
0.96726,0.9672790183705511,0.9672973837907033,0.9672973837907033,0.9673164048045285,0.9673547767642823,0.9673644519568326,0.967373474694939,0.9673731483611558,0.9673921741217892,0.9677374161913339,0.9691213783558814,0.9709736791817112,0.9735106694539543,0.9758590272637865,0.977853544348888,0.9797274536824376,0.9813311771388801,0.9831924139844047,0.9850972389697925,0.986884567645842,0.9874765832807212,0.9880169440618106,0.9888810521511845,0.989473247098395,0.9900762724193113,0.9904134087506239,0.9910494052017527,0.9913997751030778,0.9915335429987712,0.9922446682093939,0.9925335780428798,0.9927829460598223,0.9932473333750809,0.9935252775254029,0.9937214671500058,0.9939599138921981,0.9940935415751949,0.9941571812319046,0.9942193510620505,0.9942939553549034,0.9943969977943405,0.9945731165368328,0.9946668897510169,0.9947493933562045,0.9949696716168166,0.9950625032689995,0.9951677178449276,0.9953654785692615,0.9954806988178679,0.9955956353897496
0.96726,0.9672890186705602,0.9672977108397588,0.9672970567351061,0.9673064037044075,0.9673547767642823,0.9673741273429217,0.9673731483611558,0.9673731483611558,0.9673728220208446,0.967766792090305,0.9690715446176064,0.9711226933370898,0.9736453849107702,0.976043833392522,0.9782411604714415,0.9798336840814825,0.9814589074072178,0.9836370742142505,0.9851595936678182,0.9868580357420036,0.9872873898775324,0.9877268207805121,0.9881790561909601,0.9887218435168758,0.9897696082508526,0.9903511876262048,0.9904073245591218,0.9910582307996586,0.9917990079613188,0.9920361915483562,0.9922149385636718,0.9926673828919508,0.9929562032370159,0.9932764686844221,0.9937210735814954,0.9941142648058126,0.9942290804165098,0.9943834914392695,0.9945706753703238,0.9948103040575889,0.9949042053385512,0.9952054436011515,0.9954129401168758,0.9955787907678446,0.9957244356883869,0.9960253371646706,0.9960783080101083,0.9962867782031782,0.9964115585587476,0.9964844528864216
0.96726,0.9672693453869078,0.9672883644182209,0.9672973837907033,0.9673260791294955,0.9673547767642823,0.9673741273429217,0.9673731483611558,0.9673731483611558,0.9673728220208446,0.9677290238655126,0.9689896832796944,0.970833375224958,0.9730509620332348,0.9759836173599213,0.9788397503131269,0.9808063774336961,0.9824153063735542,0.9846525990735975,0.9859538675886269,0.9869052048451775,0.9881032501216596,0.9885594669374812,0.988965631676104,0.9895158611526325,0.9900352248049128,0.9907088531208057,0.9911792885112055,0.991481651185071,0.991761446485856,0.992051669357779,0.992433243699581,0.9925992328218812,0.9927629177746493,0.9930948158965266,0.9932911815032761,0.9935823854742774,0.9937897274786294,0.9939441399112503,0.9942863708531796,0.9944941284633708,0.9946086011618673,0.9948558702675575,0.9949796046438657,0.9952400380796954,0.9954052102194824,0.9954668704655618,0.9956235407439981,0.9959045155073268,0.9959876801877304,0.9961438511191215
0.96726,0.9672793455869118,0.967298037882273,0.9672973837907033,0.9673260791294955,0.9673644519568326,0.9673738010221942,0.9673731483611558,0.9673728220208446,0.9673824979745341,0.9677755093871342,0.9692312322555403,0.970877888319971,0.9738036282783364,0.976052765093861,0.9780454772257466,0.9796295539944454,0.9813838229722396,0.982614142824868,0.9848981527296717,0.9873689005766821,0.9881753080534339,0.9886493328629827,0.9890414370660938,0.9896442482472085,0.9901958745737337,0.9904433097969073,0.9907603945561244,0.9910586961726223,0.9916141465701339,0.9920677937834852,0.9924080466362849,0.9927992987143096,0.9930898424859865,0.9934297801222124,0.9935632856500977,0.993886252952365,0.9941250875487398,0.9943827864308205,0.9946111105297853,0.9947464261046111,0.9948627807945426,0.9950398694041565,0.9953623734597951,0.9954968635130748,0.9956524016552302,0.9958616209873439,0.9958933528887958,0.9959873438940575,0.9960596501891578,0.9963931469792606
0.96726,0.9672793455869118,0.967298037882273,0.9672973837907033,0.9673164048045285,0.9673451017652648,0.9673641255425977,0.967373474694939,0.9673728220208446,0.9673824979745341,0.9676983578997929,0.9688756127143874,0.9707200868446446,0.9726636550639294,0.9751723858608154,0.9769170618760853,0.9788285396990352,0.9806607245073187,0.9828134619331007,0.984570887457027,0.9854158292363666,0.9863949791486023,0.9876554707063182,0.9883398227155994,0.9886767432946222,0.9890823129322233,0.9895167980091248,0.990116586900325,0.9905739791941636,0.9910538744005576,0.9913733896647172,0.9917114415427548,0.992224712074626,0.9924348206656525,0.9927241645297809,0.9929307989865394,0.9931376127652918,0.9936327007786894,0.9940338742202764,0.9942931203879842,0.9943757971105396,0.9946651603590033,0.9949042586585749,0.9950074835414421,0.9953200577925749,0.9954264782836212,0.9955090760630614,0.9957686587486122,0.9957482904148035,0.9958112112929743,0.9960196086646834
0.96726,0.9672986919476779,0.967298037882273,0.9672970567351061,0.9673260791294955,0.9673644519568326,0.9673644519568326,0.9673731483611558,0.9673731483611558,0.9673915217956669,0.9678326577590952,0.9694744550442886,0.971331394588285,0.9738509260288367,0.9759963492546395,0.977752685546875,0.9794394810916657,0.9809194650087938,0.9825806848724841,0.9850043286474007,0.9859162195625258,0.987355263294047,0.9882079870681616,0.9892561297153653,0.9896863315330287,0.9902066785877657,0.9906874629319404,0.9912746506736636,0.9917944761289111,0.9921008420898856,0.992103890685303,0.9925154232387235,0.9930004178854994,0.9933326366391473,0.993550612535017,0.9937168724451925,0.9938614379084967,0.9940192388122124,0.9942792001338688,0.9944777961386407,0.9944790087311131,0.9947802255277307,0.9949676190874756,0.9951650881691173,0.9953420700050243,0.9955711443827872,0.9957153931572,0.9958510136727958,0.996048425134951,0.9961304124414057,0.9962750776462688
0.96726,0.9672783639181959,0.9672977108397588,0.9672973837907033,0.9673160779293515,0.9673547767642823,0.9673644519568326,0.9673634726945389,0.9673731483611558,0.9673728220208446,0.9676689848401461,0.9691031799356191,0.9708772035679448,0.9736940468132823,0.9756599280539089,0.9780784293779564,0.9801811368532832,0.9816971372970759,0.9827228890940802,0.9840486254666626,0.9859128784753733,0.9869006911228422,0.9876373342161345,0.9885423033492525,0.9890402720749866,0.9897644579626497,0.9902641258494213,0.9907175451908984,0.9914025500910747,0.99156856009743,0.9919070930111447,0.9922994362645493,0.9927748527341917,0.9930543967962623,0.9932702440449485,0.9936627585270873,0.9938787448293152,0.9940030924819256,0.9943440214948093,0.9944490905289567,0.9947710231016199,0.9948535564853557,0.9949671451889675,0.9952069488776097,0.9952263805286574,0.9954237004146944,0.9953513207902754,0.9955174797344002,0.9957770535779779,0.9957885032424334,0.9958204139780441
0.96726,0.967288691547662,0.9672880372822369,0.9673070576351872,0.9673354269597744,0.9673547767642823,0.9673547767642823,0.9673731483611558,0.9673731483611558,0.9673828242213287,0.9677186943382633,0.9688323926577177,0.9706725113861436,0.9730957548836505,0.9754931261207412,0.9773588740409532,0.9799795918367347,0.9817046966131178,0.9833630970708377,0.9856524427953,0.9875978774682707,0.988193746828364,0.9887230514096186,0.9891127401677675,0.989938739487073,0.9905410321708851,0.9910015812250332,0.9915348653179371,0.9918634815131215,0.9920714300598029,0.9923477100470188,0.9925442392517128,0.9929362909789028,0.9931135225375626,0.9934036801619855,0.9936309057687288,0.9938054946202862,0.9939935234513737,0.9940660259089009,0.994261224063137,0.9945207771294727,0.9945927289461574,0.9946974847042828,0.9948419631927515,0.9951113809563689,0.9954124116260801,0.9954763450543467,0.9954959201416167,0.9957145401774956,0.9959137486641101,0.995955531805656
