0.5268761360685537,0.7083874318358868,0.7083874318358868,0.7083874318358868,0.7327966761880031,0.7330563490002596,0.7330563490002596,0.7330563490002596,0.7330563490002596,0.7330563490002596,0.7330563490002596,0.7330563490002596,0.7330563490002596,0.7330563490002596,0.7330563490002596,0.7330563490002596,0.7330563490002596,0.7330563490002596,0.7330563490002596,0.7333160218125162,0.7379901324331343,0.7390288236821605,0.7390288236821605,0.7390288236821605,0.7390288236821605,0.7390288236821605,0.7390288236821605,0.7390288236821605,0.7390288236821605,0.7390288236821605,0.7418852246169826,0.7559075564788367,0.7888860036354194,0.830693326408725,0.8312126720332381,0.8312126720332381,0.8379641651519086,0.8390028564009349,0.8392625292131913,0.8392625292131913,0.8392625292131913,0.8395222020254479,0.8395222020254479,0.8395222020254479,0.8395222020254479,0.8395222020254479,0.8395222020254479,0.8395222020254479,0.8395222020254479,0.8395222020254479,0.8475720592054012,0.8704232666839782,0.8987276032199428,0.9008049857179953,0.917943391326928,0.9272916125681641,0.9272916125681641,0.9272916125681641,0.9285899766294469,0.9293689950662166,0.9298883406907297,0.9545572578551026,0.9698779537782394,0.9896130875097378,0.9896130875097378,0.9935081796935861,0.9935081796935861,0.9935081796935861,0.9945468709426123,0.9945468709426123,0.9950662165671255,0.9950662165671255,0.9950662165671255,0.9950662165671255,0.9971435990651779,0.9971435990651779,0.9971435990651779,0.9971435990651779,0.9971435990651779,0.9971435990651779,0.9971435990651779,0.9971435990651779,0.9971435990651779,0.9971435990651779,0.9971435990651779,0.9971435990651779,0.9971435990651779,0.9971435990651779,0.9971435990651779,0.9971435990651779,0.9971435990651779,0.9971435990651779,0.9971435990651779,0.9971435990651779,0.9971435990651779,0.9971435990651779,0.9971435990651779,0.9971435990651779,0.9971435990651779,0.9971435990651779,0.9971435990651779,0.9971435990651779,0.9974032718774344,0.9974032718774344,0.9974032718774344,0.9974032718774344,0.9974032718774344,0.9974032718774344,0.9974032718774344,0.9974032718774344,0.9974032718774344,0.9974032718774344,0.9974032718774344,0.9974032718774344,0.9974032718774344,0.9974032718774344,0.9974032718774344,0.9974032718774344,0.9974032718774344,0.9974032718774344,0.9974032718774344,0.9974032718774344,0.9974032718774344,0.9974032718774344,0.9974032718774344,0.9974032718774344
0.31965723188782136,0.3344585821864451,0.3344585821864451,0.33575694624772784,0.33575694624772784,0.33575694624772784,0.33887301999480657,0.36458062840820565,0.3850947805764736,0.41859257335756944,0.4489742923915866,0.4489742923915866,0.4489742923915866,0.45468709426123083,0.45468709426123083,0.45572578551025705,0.4832511036094521,0.5071410023370553,0.5151908595170086,0.5154505323292651,0.5154505323292651,0.5258374448195274,0.5481693066735913,0.5785510257076084,0.5785510257076084,0.5785510257076084,0.6102311088029083,0.6102311088029083,0.6413918462736952,0.6725525837444819,0.7076084133991171,0.7198130355751753,0.7730459620877694,0.8174500129836406,0.8792521423007011,0.9719553362762918,0.9735133731498312,0.9735133731498312,0.9735133731498312,0.9849389768891197,0.9849389768891197,0.9849389768891197,0.9854583225136329,0.9854583225136329,0.9854583225136329,0.9854583225136329,0.9937678525058427,0.9937678525058427,0.9937678525058427,0.9937678525058427,0.9937678525058427,0.9937678525058427,0.9937678525058427,0.9940275253180992,0.9940275253180992,0.9955855621916385,0.9958452350038951,0.9958452350038951,0.9958452350038951,0.9958452350038951,0.9958452350038951,0.9958452350038951,0.9961049078161517,0.9961049078161517,0.9981822903142041,0.9987016359387172,0.9987016359387172,0.9994806543754868,0.9997403271877434,0.9997403271877434,0.9997403271877434,0.9997403271877434,0.9997403271877434,0.9997403271877434,0.9997403271877434,0.9997403271877434,0.9997403271877434,0.9997403271877434,0.9997403271877434,0.9997403271877434,0.9997403271877434,0.9997403271877434,0.9997403271877434,0.9997403271877434,0.9997403271877434,0.9997403271877434,0.9997403271877434,0.9997403271877434,0.9997403271877434,0.9997403271877434,0.9997403271877434,0.9997403271877434,0.9997403271877434,0.9997403271877434,0.9997403271877434,0.9997403271877434,0.9997403271877434,0.9997403271877434,0.9997403271877434,0.9997403271877434,0.9997403271877434,0.9997403271877434,0.9997403271877434,0.9997403271877434,0.9997403271877434,1.0,1.0,1.0,1.0,1.0,1.0,1.0,1.0,1.0,1.0,1.0,1.0,1.0,1.0,1.0,1.0,1.0,1.0,1.0,1.0,1.0
0.12152687613606855,0.15891976110101272,0.20072708387431837,0.20150610231108804,0.22098156323032977,0.22227992729161256,0.22487665541417814,0.22487665541417814,0.2256556738509478,0.22617501947546093,0.22903142041028304,0.22903142041028304,0.22903142041028304,0.2526616463256297,0.25785510257076083,0.26928070631004936,0.2936899506621657,0.2936899506621657,0.33887301999480657,0.36509997403271877,0.37886263308231627,0.3905479096338613,0.42586341210075307,0.4720851726824202,0.5107764217086471,0.5556998182290315,0.5954297585042846,0.6216567125421968,0.6216567125421968,0.6216567125421968,0.6343806803427681,0.6343806803427681,0.6367177356530771,0.6367177356530771,0.6676188003116074,0.6676188003116074,0.6676188003116074,0.7192936899506621,0.7418852246169826,0.7418852246169826,0.755128538042067,0.7774603998961309,0.7904440405089587,0.8226434692287717,0.846533367956375,0.846533367956375,0.8771747598026487,0.9065177875876396,0.9119709166450273,0.9675408984679305,0.9675408984679305,0.9766294468969099,0.9766294468969099,0.9771487925214231,0.9771487925214231,0.9771487925214231,0.9771487925214231,0.9815632303297844,0.9823422487665542,0.9823422487665542,0.9823422487665542,0.9823422487665542,0.9823422487665542,0.9823422487665542,0.9823422487665542,0.9823422487665542,0.9823422487665542,0.9919501428200468,0.9922098156323033,0.9924694884445598,0.9968839262529213,0.9968839262529213,0.9968839262529213,0.9968839262529213,0.9968839262529213,0.9968839262529213,0.9968839262529213,0.9974032718774344,0.9974032718774344,0.997662944689691,0.997662944689691,0.997662944689691,0.997662944689691,0.997662944689691,0.997662944689691,0.997662944689691,0.997662944689691,0.997662944689691,0.997662944689691,0.9979226175019476,0.9981822903142041,0.9981822903142041,0.9981822903142041,0.9992209815632304,0.9992209815632304,0.9992209815632304,0.9992209815632304,0.9992209815632304,0.9992209815632304,0.9992209815632304,0.9992209815632304,0.9992209815632304,0.9992209815632304,0.9992209815632304,0.9992209815632304,0.9992209815632304,0.9992209815632304,0.9992209815632304,0.9992209815632304,0.9992209815632304,0.9992209815632304,0.9992209815632304,0.9992209815632304,0.9992209815632304,0.9992209815632304,0.9992209815632304,0.9992209815632304,0.9992209815632304,0.9992209815632304,0.9992209815632304,0.9992209815632304,0.9992209815632304,0.9992209815632304,0.9992209815632304,0.9992209815632304,0.9992209815632304
0.41521682679823424,0.42923915866008827,0.437029343027785,0.44274214489742925,0.44378083614645547,0.45183069332640874,0.4541677486367177,0.4585821864450792,0.4585821864450792,0.4585821864450792,0.4585821864450792,0.4731238639314464,0.4736432095559595,0.4736432095559595,0.47520124642949885,0.47520124642949885,0.4933783432874578,0.49441703453648406,0.4998701635938717,0.5279148273175799,0.5315502466891716,0.5375227213710725,0.5375227213710725,0.5375227213710725,0.5375227213710725,0.5375227213710725,0.5375227213710725,0.5375227213710725,0.5375227213710725,0.5375227213710725,0.542456504803947,0.5681641132173462,0.5985458322513633,0.6200986756686575,0.6424305375227214,0.668397818748377,0.7031939755907557,0.7234484549467671,0.7234484549467671,0.7301999480654375,0.7301999480654375,0.7301999480654375,0.7301999480654375,0.7301999480654375,0.7379901324331343,0.7605816670994547,0.7675928330303817,0.7675928330303817,0.7675928330303817,0.7675928330303817,0.7675928330303817,0.8106985198649701,0.8335497273435472,0.8335497273435472,0.8556219163853545,0.8839262529213191,0.8984679304076864,0.9104128797714879,0.9104128797714879,0.9452090366138666,0.965463515969878,0.9732537003375746,0.9732537003375746,0.9735133731498312,0.9737730459620878,0.9896130875097378,0.9896130875097378,0.9958452350038951,0.9958452350038951,0.9958452350038951,0.9958452350038951,0.9958452350038951,0.9958452350038951,0.9958452350038951,0.9981822903142041,0.9981822903142041,0.9981822903142041,0.9981822903142041,0.9981822903142041,0.9981822903142041,0.9981822903142041,0.9981822903142041,0.9981822903142041,0.9981822903142041,0.9981822903142041,0.9981822903142041,0.9981822903142041,0.9981822903142041,0.9981822903142041,0.9981822903142041,0.9981822903142041,0.9981822903142041,0.9981822903142041,0.9981822903142041,0.9981822903142041,0.9981822903142041,0.9981822903142041,0.9981822903142041,0.9981822903142041,0.9981822903142041,0.9981822903142041,0.9981822903142041,0.9981822903142041,0.9981822903142041,0.9981822903142041,0.9981822903142041,0.9981822903142041,0.9981822903142041,0.9981822903142041,0.9981822903142041,0.9981822903142041,0.9981822903142041,0.9981822903142041,0.9981822903142041,0.9984419631264606,0.9984419631264606,0.9984419631264606,0.9984419631264606,0.9984419631264606,0.9984419631264606,0.9984419631264606,0.9984419631264606,0.9984419631264606,0.9984419631264606,0.9984419631264606,0.9984419631264606
0.6941054271617761,0.7156582705790704,0.7455206439885744,0.8190080498571799,0.8776941054271618,0.8914567644767593,0.8979485847831732,0.9057387691508699,0.9078161516489224,0.9078161516489224,0.9078161516489224,0.9781874837704493,0.9789665022072189,0.979485847831732,0.979485847831732,0.9797455206439886,0.9797455206439886,0.9797455206439886,0.9797455206439886,0.9797455206439886,0.9797455206439886,0.9797455206439886,0.9797455206439886,0.9797455206439886,0.9797455206439886,0.9797455206439886,0.9797455206439886,0.9797455206439886,0.9797455206439886,0.9797455206439886,0.9797455206439886,0.9797455206439886,0.9797455206439886,0.9797455206439886,0.9797455206439886,0.9797455206439886,0.9797455206439886,0.9797455206439886,0.9797455206439886,0.9857179953258893,0.9857179953258893,0.9948065437548689,0.9948065437548689,0.9948065437548689,0.9948065437548689,0.9948065437548689,0.9948065437548689,0.9948065437548689,0.9948065437548689,0.9948065437548689,0.9948065437548689,0.9948065437548689,0.9948065437548689,0.9948065437548689,0.9948065437548689,0.9948065437548689,0.9948065437548689,0.9948065437548689,0.9948065437548689,0.9992209815632304,0.9994806543754868,0.9994806543754868,0.9994806543754868,0.9994806543754868,0.9994806543754868,0.9994806543754868,0.9994806543754868,0.9994806543754868,0.9994806543754868,0.9994806543754868,0.9994806543754868,0.9994806543754868,0.9994806543754868,0.9997403271877434,0.9997403271877434,0.9997403271877434,0.9997403271877434,0.9997403271877434,0.9997403271877434,0.9997403271877434,0.9997403271877434,0.9997403271877434,0.9997403271877434,0.9997403271877434,0.9997403271877434,0.9997403271877434,0.9997403271877434,0.9997403271877434,0.9997403271877434,0.9997403271877434,0.9997403271877434,0.9997403271877434,0.9997403271877434,0.9997403271877434,0.9997403271877434,0.9997403271877434,0.9997403271877434,0.9997403271877434,0.9997403271877434,0.9997403271877434,0.9997403271877434,0.9997403271877434,0.9997403271877434,0.9997403271877434,0.9997403271877434,0.9997403271877434,0.9997403271877434,0.9997403271877434,0.9997403271877434,0.9997403271877434,0.9997403271877434,0.9997403271877434,0.9997403271877434,0.9997403271877434,0.9997403271877434,0.9997403271877434,0.9997403271877434,0.9997403271877434,0.9997403271877434,0.9997403271877434,0.9997403271877434,0.9997403271877434,0.9997403271877434,0.9997403271877434,0.9997403271877434,0.9997403271877434
0.3993767852505843,0.4045702414957154,0.4497533108283563,0.5180472604518307,0.6006232147494157,0.6006232147494157,0.6016619059984419,0.6034796156842379,0.6037392884964944,0.6042586341210076,0.6047779797455206,0.6065956894313166,0.6065956894313166,0.6065956894313166,0.6065956894313166,0.6065956894313166,0.6123084913009608,0.6123084913009608,0.6123084913009608,0.6429498831472344,0.6616463256297066,0.6985198649701376,0.7021552843417295,0.7021552843417295,0.7026746299662425,0.7026746299662425,0.7026746299662425,0.7722669436509998,0.7774603998961309,0.7774603998961309,0.7805764736432096,0.7971955336276292,0.7977148792521424,0.7977148792521424,0.8010906258114775,0.8010906258114775,0.8254998701635938,0.8374448195273955,0.8374448195273955,0.8374448195273955,0.8374448195273955,0.8374448195273955,0.837704492339652,0.8400415476499611,0.8504284601402233,0.8766554141781355,0.9106725525837445,0.9254739028823682,0.9293689950662166,0.9483251103609452,0.9483251103609452,0.9488444559854583,0.9498831472344845,0.9498831472344845,0.9498831472344845,0.9498831472344845,0.9498831472344845,0.9498831472344845,0.9498831472344845,0.9498831472344845,0.9501428200467411,0.9623474422227992,0.9626071150350558,0.9628667878473124,0.9628667878473124,0.9628667878473124,0.9628667878473124,0.9628667878473124,0.9781874837704493,0.9781874837704493,0.9781874837704493,0.9781874837704493,0.992988834069073,0.992988834069073,0.9932485068813295,0.9932485068813295,0.9932485068813295,0.9945468709426123,0.9945468709426123,0.9945468709426123,0.9945468709426123,0.9945468709426123,0.9945468709426123,0.9945468709426123,0.9945468709426123,0.9945468709426123,0.9945468709426123,0.9945468709426123,0.9945468709426123,0.9945468709426123,0.9945468709426123,0.9945468709426123,0.9945468709426123,0.9945468709426123,0.9945468709426123,0.9945468709426123,0.9945468709426123,0.9945468709426123,0.9945468709426123,0.9945468709426123,0.9987016359387172,0.9987016359387172,0.9987016359387172,0.9987016359387172,0.9987016359387172,0.9987016359387172,0.9987016359387172,0.9987016359387172,0.9987016359387172,0.9987016359387172,0.9987016359387172,0.9987016359387172,0.9987016359387172,0.9987016359387172,0.9987016359387172,0.9987016359387172,0.9987016359387172,0.9987016359387172,0.9987016359387172,0.9987016359387172,0.9987016359387172,0.9987016359387172,0.9987016359387172,0.9987016359387172,0.9987016359387172,0.9987016359387172
0.36484030122046224,0.36925473902882366,0.437029343027785,0.4453388730199948,0.5962087769410542,0.6016619059984419,0.6182809659828616,0.6182809659828616,0.625032459101532,0.625032459101532,0.625032459101532,0.631524279407946,0.6390547909633861,0.6390547909633861,0.6390547909633861,0.6478836665801091,0.6478836665801091,0.6478836665801091,0.6509997403271878,0.6509997403271878,0.6509997403271878,0.6509997403271878,0.6509997403271878,0.6512594131394444,0.6512594131394444,0.6512594131394444,0.652557777200727,0.6533367956374968,0.6533367956374968,0.6533367956374968,0.6621656712542197,0.6621656712542197,0.6658010906258115,0.6658010906258115,0.6694365099974032,0.6694365099974032,0.6694365099974032,0.6754089846793041,0.7050116852765516,0.7065697221500908,0.7330563490002596,0.750454427421449,0.7611010127239678,0.7613606855362244,0.7730459620877694,0.7730459620877694,0.7816151648922358,0.8016099714359907,0.8016099714359907,0.807842118930148,0.8109581926772267,0.8112178654894833,0.8496494417034537,0.8750973773045962,0.8750973773045962,0.8756167229291093,0.8896390547909634,0.908595170085692,0.9340431056868346,0.9620877694105427,0.9620877694105427,0.9753310828356271,0.9753310828356271,0.9753310828356271,0.9753310828356271,0.9755907556478837,0.9758504284601403,0.9781874837704493,0.9781874837704493,0.9781874837704493,0.9781874837704493,0.9781874837704493,0.9893534146974812,0.9966242534406647,0.9968839262529213,0.9968839262529213,0.9968839262529213,0.9968839262529213,0.9968839262529213,0.9974032718774344,0.9974032718774344,0.9974032718774344,0.9974032718774344,0.9974032718774344,0.9974032718774344,0.9987016359387172,0.9987016359387172,0.9987016359387172,0.9987016359387172,0.9987016359387172,0.9987016359387172,0.9987016359387172,0.9987016359387172,0.9987016359387172,0.9987016359387172,0.9987016359387172,0.9987016359387172,0.9987016359387172,0.9987016359387172,0.9987016359387172,0.9987016359387172,0.9992209815632304,0.9992209815632304,0.9992209815632304,0.9992209815632304,0.9992209815632304,0.9992209815632304,0.9992209815632304,0.9992209815632304,0.9992209815632304,0.9992209815632304,0.9992209815632304,0.9992209815632304,0.9992209815632304,0.9992209815632304,0.9992209815632304,0.9992209815632304,0.9992209815632304,0.9992209815632304,0.9992209815632304,0.9992209815632304,0.9992209815632304,0.9992209815632304,0.9992209815632304,0.9992209815632304,0.9992209815632304
0.35497273435471305,0.3643209555959491,0.565307712282524,0.5658270579070371,0.5660867307192937,0.5982861594391067,0.6019215788106985,0.6019215788106985,0.6032199428719813,0.6032199428719813,0.6034796156842379,0.6050376525577772,0.6050376525577772,0.6050376525577772,0.6354193715917943,0.6421708647104648,0.6561931965723189,0.670215528434173,0.6730719293689951,0.6767073487405869,0.6767073487405869,0.6767073487405869,0.7169566346403532,0.7579849389768891,0.7592833030381719,0.7595429758504285,0.7595429758504285,0.7595429758504285,0.799013243313425,0.8192677226694365,0.8192677226694365,0.8192677226694365,0.8444559854583226,0.8462736951441184,0.8493897688911971,0.8509478057647364,0.851207478576993,0.8867826538561413,0.8989872760321994,0.8995066216567126,0.9023630225915347,0.9044404050895871,0.9335237600623215,0.9459880550506362,0.9462477278628928,0.9680602440924435,0.9685795897169567,0.9685795897169567,0.9685795897169567,0.9685795897169567,0.9688392625292132,0.9696182809659829,0.9758504284601403,0.9826019215788107,0.9826019215788107,0.9826019215788107,0.9826019215788107,0.9826019215788107,0.9924694884445598,0.9924694884445598,0.9948065437548689,0.9948065437548689,0.9948065437548689,0.9948065437548689,0.9948065437548689,0.9948065437548689,0.9948065437548689,0.9948065437548689,0.9948065437548689,0.9948065437548689,0.9948065437548689,0.9948065437548689,0.9948065437548689,0.9948065437548689,0.9948065437548689,0.9948065437548689,0.9948065437548689,0.9948065437548689,0.9948065437548689,0.9948065437548689,0.9948065437548689,0.9948065437548689,0.9948065437548689,0.9948065437548689,0.9948065437548689,0.9948065437548689,0.9948065437548689,0.9948065437548689,0.9948065437548689,0.9948065437548689,0.9948065437548689,0.9948065437548689,0.9948065437548689,0.9948065437548689,0.9948065437548689,0.9950662165671255,0.9950662165671255,0.9950662165671255,0.9950662165671255,0.9950662165671255,0.9950662165671255,0.9950662165671255,0.9950662165671255,0.9950662165671255,0.9950662165671255,0.9950662165671255,0.9950662165671255,0.9950662165671255,0.9950662165671255,0.9950662165671255,0.9953258893793819,0.9953258893793819,0.9953258893793819,0.9953258893793819,0.9953258893793819,0.9953258893793819,0.9953258893793819,0.9953258893793819,0.9953258893793819,0.9953258893793819,0.9953258893793819,0.9953258893793819,0.9953258893793819,0.9953258893793819,0.9953258893793819,0.9953258893793819
0.35679044404050897,0.36509997403271877,0.42897948584783174,0.43183588678265383,0.43858737990132435,0.4430018177096858,0.44637756426902103,0.4902622695403791,0.5357050116852765,0.5357050116852765,0.5357050116852765,0.5357050116852765,0.5357050116852765,0.5357050116852765,0.5357050116852765,0.5421968319916904,0.5421968319916904,0.5421968319916904,0.5705011685276552,0.5749156063360166,0.5785510257076084,0.5816670994546871,0.5816670994546871,0.5816670994546871,0.5816670994546871,0.5998441963126461,0.5998441963126461,0.640872500649182,0.6598286159439106,0.6600882887561672,0.6665801090625811,0.6676188003116074,0.670215528434173,0.670215528434173,0.6725525837444819,0.6738509478057647,0.6946247727862893,0.7187743443261491,0.7187743443261491,0.7270838743183589,0.7468190080498571,0.7468190080498571,0.7468190080498571,0.7930407686315243,0.8132952479875357,0.8135549207997923,0.8314723448454947,0.8491300960789405,0.8886003635419372,0.915606336016619,0.970137626590496,0.9955855621916385,0.9955855621916385,0.9955855621916385,0.9955855621916385,0.9955855621916385,0.9955855621916385,0.9955855621916385,0.9955855621916385,0.9955855621916385,0.9955855621916385,0.9955855621916385,0.9955855621916385,0.9955855621916385,0.9955855621916385,0.9955855621916385,0.9955855621916385,0.9955855621916385,0.9981822903142041,0.9981822903142041,0.9981822903142041,0.9981822903142041,0.9981822903142041,0.9981822903142041,0.9981822903142041,0.9981822903142041,0.9981822903142041,0.9981822903142041,0.9981822903142041,0.9981822903142041,0.9984419631264606,1.0,1.0,1.0,1.0,1.0,1.0,1.0,1.0,1.0,1.0,1.0,1.0,1.0,1.0,1.0,1.0,1.0,1.0,1.0,1.0,1.0,1.0,1.0,1.0,1.0,1.0,1.0,1.0,1.0,1.0,1.0,1.0,1.0,1.0,1.0,1.0,1.0,1.0,1.0,1.0,1.0,1.0,1.0,1.0,1.0
0.6198390028564009,0.8239418332900545,0.8392625292131913,0.8745780316800831,0.8753570501168527,0.8953518566606077,0.8963905479096339,0.8963905479096339,0.9005453129057388,0.9117112438327707,0.9117112438327707,0.9117112438327707,0.9117112438327707,0.9119709166450273,0.9119709166450273,0.9119709166450273,0.9119709166450273,0.9153466632043625,0.9153466632043625,0.9153466632043625,0.9153466632043625,0.9153466632043625,0.9153466632043625,0.9171643728901584,0.9182030641391846,0.9182030641391846,0.9200207738249805,0.9200207738249805,0.9223578291352895,0.9309270319397559,0.9309270319397559,0.9309270319397559,0.9465074006751493,0.9465074006751493,0.9465074006751493,0.9465074006751493,0.9465074006751493,0.9465074006751493,0.9465074006751493,0.956634640353155,0.963126460659569,0.963126460659569,0.963645806284082,0.9639054790963386,0.9639054790963386,0.9639054790963386,0.9639054790963386,0.9639054790963386,0.9639054790963386,0.9639054790963386,0.9639054790963386,0.9693586081537263,0.9693586081537263,0.9709166450272656,0.9750714100233705,0.9893534146974812,0.9971435990651779,0.9987016359387172,0.9989613087509738,0.9989613087509738,0.9989613087509738,0.9989613087509738,0.9989613087509738,0.9989613087509738,0.9989613087509738,0.9989613087509738,0.9989613087509738,0.9989613087509738,0.9989613087509738,0.9989613087509738,0.9989613087509738,0.9989613087509738,0.9989613087509738,0.9989613087509738,0.9989613087509738,0.9989613087509738,0.9989613087509738,0.9989613087509738,0.9989613087509738,0.9989613087509738,0.9989613087509738,0.9989613087509738,0.9989613087509738,0.9989613087509738,1.0,1.0,1.0,1.0,1.0,1.0,1.0,1.0,1.0,1.0,1.0,1.0,1.0,1.0,1.0,1.0,1.0,1.0,1.0,1.0,1.0,1.0,1.0,1.0,1.0,1.0,1.0,1.0,1.0,1.0,1.0,1.0,1.0,1.0,1.0,1.0,1.0,1.0,1.0,1.0,1.0,1.0
