0.8932672821436614,0.8988741044012283,0.9038639876352396,0.90389369592089,0.9039035946029457,0.9039233858510967,0.9155003683047459,0.9163442434382516,0.9163617354939885,0.9212191520776207,0.9289902974730782,0.9292768397578847,0.9292843491187088,0.9292843491187088,0.9292843491187088,0.9292843491187088,0.942338840298024,0.9424134584276933,0.9424010354870025,0.9424196678887211,0.9424196678887211,0.9424258760107816,0.9424382882397326,0.9560980950295599,0.9563218390804598,0.9563218390804598,0.9671876732069615,0.9705260816371928,0.9705326364950517,0.970529359430605,0.970529359430605
0.884887459807074,0.9031116661463212,0.9042323138708681,0.9042421746293245,0.9042323138708681,0.9042323138708681,0.9042323138708681,0.9042323138708681,0.9042323138708681,0.9042323138708681,0.9105394709435535,0.9163258886442277,0.9166230777277958,0.9166492365613889,0.9166666666666666,0.9197934232715008,0.9294530751223664,0.9296103620341862,0.9296103620341862,0.9296178343949044,0.9421379535796012,0.9427122666954364,0.9427431529005823,0.9427431529005823,0.9427431529005823,0.9427431529005823,0.9427431529005823,0.9427493261455525,0.9556167400881057,0.9562739726027397,0.9563027050706385
0.8818967427431863,0.9029015544041451,0.9039967037494849,0.904046123751673,0.904046123751673,0.9161946717012797,0.9164488131339538,0.9164575491426181,0.9164750156805352,0.9164750156805352,0.916466283324621,0.916466283324621,0.9290116896918172,0.9293905287746868,0.9293980252680751,0.9293980252680751,0.9293980252680751,0.9293980252680751,0.9294130134805222,0.941825259515571,0.9393548387096774,0.9426538751751644,0.9557179231705967,0.9564836128466513,0.9565407772304324,0.9565407772304324,0.9565407772304324,0.9565407772304324,0.9704009829107562,0.9704866911682816,0.9705031166518254
0.8796349115801483,0.9022769364854559,0.9036256585063527,0.9137894736842105,0.9227181172479593,0.9420949902407287,0.942733657482442,0.942783115621289,0.9428263214670982,0.9428139835994821,0.9428139835994821,0.942807812668609,0.9428201531988348,0.9428448182896582,0.9426909404287407,0.9428571428571428,0.9428417653390743,0.9428879310344828,0.9429309787875525,0.9426909404287407,0.9429186860527733,0.942881776053454,0.9429002370178841,0.9429002370178841,0.9560258800307051,0.9564122221005367,0.9564217672177817,0.9564169951817784,0.9564265382088899,0.9703479914960278,0.9704998330179228
0.8802,0.8920673564617569,0.9035223633922116,0.9039868136396415,0.9040164778578785,0.9040164778578785,0.9040263618576871,0.91553911205074,0.9164222873900293,0.9165708311552535,0.9165882721856381,0.916605705925384,0.916605705925384,0.916605705925384,0.916605705925384,0.9289437293904904,0.9294504561850202,0.9294504561850202,0.9294504561850202,0.9294504561850202,0.942257785467128,0.9426662355857313,0.950920245398773,0.9483976099945681,0.9563787812362998,0.9565217391304348,0.9565597986650618,0.9565407772304324,0.9705455762579493,0.9706144256455922,0.9706340378197997
0.8802,0.8919220621067587,0.8919110930681011,0.8919110930681011,0.903830313014827,0.9038738924376675,0.9038738924376675,0.9038837951993407,0.9039035946029457,0.9116699573937441,0.9165621079046424,0.9291733333333333,0.9294442673467219,0.9295191593249125,0.9295191593249125,0.9295191593249125,0.9295341186458665,0.9295266397792401,0.9390296264491198,0.9426353245632952,0.9426476929711083,0.9561538461538461,0.9561547736490189,0.9563027050706385,0.9563170571491132,0.9700416713593873,0.9699865107913669,0.9699776785714286,0.9704049844236761,0.9847154100604539,0.984812422078658
0.8794523726650424,0.893349678210236,0.9144238856181666,0.9164225941422595,0.916466283324621,0.9284330606973741,0.9293380087132079,0.9293830306891792,0.9420400173988691,0.942471667566109,0.9425274962260082,0.942533692722372,0.9425274962260082,0.9425522741970253,0.942533692722372,0.9425522741970253,0.9425646551724138,0.9562493129603166,0.9564360770577933,0.9564456117312322,0.9564456117312322,0.9564456117312322,0.9564408449162745,0.9698441382426022,0.97039510294936,0.9704214388969198,0.9704181494661922,0.9704214388969198,0.9704181494661922,0.9704214388969198,0.9849257622123994
0.8851768092105263,0.9051501702962123,0.9158488202129881,0.916605705925384,0.9165969899665551,0.9165882721856381,0.9165795525820615,0.9165708311552535,0.9165708311552535,0.9165708311552535,0.9218634197988353,0.9292317500796939,0.9295266397792401,0.9295266397792401,0.9293830306891792,0.9294892216204736,0.9295041936511307,0.9295266397792401,0.9295266397792401,0.9295341186458665,0.9295341186458665,0.9420744911216977,0.9428448182896582,0.942881776053454,0.942881776053454,0.9562925543597628,0.9563835616438356,0.9564217672177817,0.9564217672177817,0.9564169951817784,0.9704504906333631
0.8817663817663818,0.9015175300889586,0.9038045159294773,0.9040263618576871,0.9151624548736462,0.916466283324621,0.916466283324621,0.9164837462109334,0.9164837462109334,0.916492474916388,0.9164750156805352,0.9258867125463208,0.9293304994686503,0.9293980252680751,0.9294055201698513,0.9294055201698513,0.9294055201698513,0.9294130134805222,0.9428139835994821,0.942881776053454,0.942881776053454,0.9563975837451949,0.9565026843431577,0.9565360192686665,0.9565502900295502,0.9565502900295502,0.9565502900295502,0.9664600398494576,0.9705195238624986,0.9705391884380211,0.9820004556846662
0.8802,0.8920016240357288,0.9003429284007066,0.9039513050655112,0.9041589458513486,0.9041392092257001,0.9041392092257001,0.9041490785545145,0.9090343970161624,0.916605705925384,0.9165882721856381,0.9165882721856381,0.9292467863592904,0.9293143706219487,0.9293218720152817,0.9293218720152817,0.9293218720152817,0.9389346037245561,0.9422807206818427,0.9424506951180084,0.9515514425694066,0.9522719843085976,0.9560740497316245,0.9560932880762072,0.9560884800700832,0.9698155394074902,0.9700578806767587,0.9700678758206298,0.970074535543442,0.9700712060525145,0.9845784784098698
