12.37416359589181,12.480456044218107,12.521752353747184,12.304947627872547,12.515753766428125,12.288040425811543,12.291800186062957,12.496574885515013,12.351391357920969,12.54473147480683,12.438334266989319,12.515418440944563,12.422553266884695,12.424867613997028,12.35104102270815,12.120445072054864,12.524563923528994,12.404849157898886,12.5417646559939,12.434986115323344,12.30332795453381,12.471490634556663,12.29735611498715,12.544938887145712,12.42252315572603,12.473212834958938,12.409128481916229,12.37507385837698,12.139686048171045,12.258927359535624,12.341123120858244,12.44877493666453,12.278753840678057,12.461968132480791,12.282620419241338,12.3641573197929,12.304977651046183,12.262587085757037,12.362772855539479,12.516111120063089,12.384293983221974,12.321535970372251,12.211779058772171,12.37087533305659,12.375955445738622,12.177862607674394,12.287489671663046,12.376765845923925,12.364411322585628,12.252169316234125,12.114696900227118,12.262661305609292,12.119484226345843,12.355033950484975,12.186957859651027,12.348356191725378,12.324153183770983,12.360139408341697,12.256511252962705,12.165013741278388,12.207249166241166,12.318250039586859,12.160559265974761,12.397632628163858,12.189544556376525,12.375175437983241,12.411196486486265,12.33500600443115,12.35524660678605,12.365199118965368,12.455557145798187,12.235954896797038,12.221542360154524,12.365703408112973,12.296989879333735,12.265285602989271,12.229807323726934,12.427426698422652,12.252378535827985,12.265195935157685,12.336101797055742,12.364470890760428,12.222644098223176,12.380680578395076,12.448812295174767,12.106967892152882,12.38959392242475,12.333464677976337,12.40232062082638,12.274589326013867,12.363789429329092,12.208627385479199,12.257339004738077,12.230594630814425,12.348745035024754,12.302794009512889,12.309706464590793,12.362719702237841,12.346021494936327,12.340148987634464,12.360382719144354,12.268814626348469,12.188799557372734,12.435928652787112,12.296738758361979,12.226625744280113,12.397785476717848,12.139857732665828,12.206821835206886,12.20013466701432,12.325619570028802,12.22412141656817,12.364702349242712,11.88467936513912,12.198286605976705,12.281182861291,12.280858714473815,12.238367678396067,12.336243149748224,12.237453979611344,12.281816714577355,12.300011022152267,12.075958640610226,12.221781897599364,12.101281371042752,12.251231969739461,12.295225626035045,12.359040998201747,12.391143001456435,12.367463711765362,12.336224707460538,12.43476077600405,12.295110503856678,12.167097279795007,12.25672983767558,12.269618006400938,12.293547021289521,12.298220800150629,12.315266839988631,12.076078696669466,12.128263976919989,12.320731079566409,12.1877979462156,12.359538318202976,12.249289481692008,12.165054065054347,12.266059682076403,12.269954717324566,12.259393830978876,12.025428268426282,12.217752898552508
12.281854023663675,12.651626734581532,12.330662407368454,12.523985954491017,12.406377175815054,12.296829597005397,12.54762531830841,12.505395228314482,12.15387116628769,12.427864717742516,12.3212232845878,12.41882807250555,12.511612241068342,12.383705168325363,12.456515500087589,12.317837653574564,12.49970277047865,12.55057233392111,12.40868586670604,12.486072136857183,12.233367457451347,12.6158696296802,12.268244932704896,12.070321142847773,12.416742952039844,12.260298463575282,12.502784829166192,12.454052465911504,12.429239803818467,12.449981355199224,12.415679379085196,12.469942493967402,12.372797984188708,12.413026788171894,12.199791060275983,12.31735907526339,12.349704426407646,12.315910854512124,12.321141485145212,12.27091680076733,12.301352063650691,12.253511505420454,12.252649835688935,12.209999761861738,12.312939590924929,12.348120535733566,12.443365868851451,12.31836185184966,12.23177536324043,12.40786194539187,12.3990294300142,12.306544223712333,12.318103040246715,12.335669920243,12.221983252191462,12.320119958015558,12.33931702624834,12.330145814385222,11.994403309314219,12.369095892540901,12.320413576357572,12.319384065608121,12.295161028317928,12.319180038898137,12.296788625832546,12.277652577943753,12.202367327966305,12.187055315159641,12.416063732073495,12.201441755484707,12.272526804470965,12.246887606002554,12.31427855554745,12.247170650299624,12.292070622796416,12.368657871936477,12.246707725743846,12.175429578485167,12.420778312080772,12.315297684817738,12.176569837787897,12.239202659570076,12.325299710817536,12.304277937046116,12.223223910681005,12.246663838471225,12.256961867554628,12.1731301899155,12.24770273016756,12.269212486472965,12.343442558479792,12.379936144724073,12.150892729379489,12.31552336339999,12.006924604341142,12.27633120661001,12.106649456914377,12.264092745808268,12.317221838416824,12.248565989872581,12.24970478521959,12.243958011989186,12.340182552873728,12.244668118681853,12.336527041029075,12.379840874083959,12.20254552852167,12.071982687233945,12.246575162405865,12.269625162114314,12.213044186539022,12.317386057517657,12.231601578724113,12.347792434172016,12.412153211993221,12.191035813079576,12.294905129419693,12.294852407605982,12.354823439044896,12.235270184656212,12.235390135589284,12.359902336298175,12.099059793918098,12.31262179664398,12.311020186950103,12.370620459323685,12.315134563632025,12.400759889451093,12.171271623577274,11.90131822222011,12.296560003214756,12.339702760917744,12.226450950245608,12.312473929422776,12.315837750924352,12.381645719123414,12.283024506019443,12.315014394004509,12.385693975709831,12.262012730892996,12.233588470848762,12.267448473002661,12.222440959324633,12.151443038805784,12.30473970846266,12.148552450295195,12.28095435279894,12.339579422191273,12.298361854610157,12.267368730206135,12.278640398077389
12.71557812176769,12.459484362145561,12.434998673008396,12.566848490594019,12.06671222684469,12.322922361186626,12.456541075541121,12.357797756468143,12.444639559281768,12.304160830355002,12.264078196570297,12.447087342127535,12.216830772298298,12.520477908158067,12.539019128603005,12.415633888283038,12.418097976072161,12.294897299932954,12.556154166613585,12.304133515081626,12.36583332321807,12.48953771148211,12.320134786681088,12.355782456273715,12.279573866374227,12.569129769139463,12.439678627456262,12.348873943295004,12.463122769635449,12.471703838996048,12.495807386296107,12.491846358157074,12.262619454084476,12.372567817611612,12.45696900500851,12.392913531320122,12.343095050365593,12.365426190548162,12.38445214692112,12.180505089962482,12.294414665623107,12.387103028425397,12.284436863115676,12.444104508455652,12.422127754185208,12.339650601381033,12.380509344389788,12.413326702958122,12.077216561428392,12.178298015148934,12.322420597372705,12.36572092994736,12.298435365658934,12.310385878941787,12.237225044219116,12.23626201394432,12.489721485165472,12.268348828584662,12.148454416679892,12.265659606606109,12.146133601841207,12.35127561663496,12.156574906942328,12.311402002202806,12.077577204115146,12.373896417715345,12.22592721213488,12.490615198991017,12.34228520098971,12.399608768080649,12.157415286158036,12.343239117080298,12.290329938901362,12.308425826261272,12.266706941684772,12.088080931795318,12.249788129109666,12.345505901251652,12.445284460832513,12.32501557409524,12.405814194525838,12.282698397176784,12.441881200635175,12.259830465063697,12.257505518863931,12.273296673197535,12.33346790430626,12.394642618203697,12.131982548794591,12.312026669547356,12.082388367683107,12.24787681777929,12.083026314510066,12.322428538204452,12.139854759040178,12.033010036481548,12.166922014027817,12.271650585062025,12.29713806901818,12.255842353318739,12.316604171011226,12.29199424483885,12.38469728360613,12.263343620504333,12.178152111653377,12.216497866878777,12.138263924116115,12.333199904367849,12.213677150140118,12.212576212002173,12.210508536125186,12.23184831603961,12.353349934999617,12.366880696471961,12.325271647225922,12.32118787658366,12.225552658187983,12.237696543813234,12.380827948922718,12.333285755053861,12.299246256927285,12.222611207405935,12.362471509113558,12.346691139926547,12.086574412777464,12.21120478706272,12.178413843294921,12.256678962103601,12.195614246477865,12.265454447821366,12.331987068332618,12.292105999643486,12.344971810014174,12.182268045820239,12.272981216179293,12.238327190472445,12.277483083913094,12.284486320559745,12.173217900214048,12.127234158699473,12.276825564816107,12.256238955362932,12.319845174658568,12.228791384412867,12.306182878267544,12.213694156728394,12.191321191254621,12.379838620201717,12.247678767517101,12.344282047565109,12.323169528910878
12.315099190822297,12.494917343670842,12.364003985377144,12.529765386930203,12.511017927220308,12.444901310012073,12.01362626175654,12.418204346288682,12.29170808250675,12.374000448424283,12.332871482523375,12.354224535405208,12.305966334983752,12.40488910814472,12.590723402757112,12.410776635388105,12.44754129515232,12.434133663159857,12.341495584205921,12.148000331526594,12.408813453105774,12.544531178527496,12.316668892803971,12.278145616356527,12.201889950466143,12.4791152202604,12.241555092194378,12.378084118108339,12.397285816887797,12.504461088721419,12.481750559129308,12.330415848929945,12.15338719910052,12.365198141394607,12.225769897475935,12.400263857118059,12.298690148343308,12.279661973108757,12.360768354317353,12.279929837477201,12.182197048309133,12.3104830110817,12.289364011428178,12.263514702878775,12.336028244398847,12.322577466748937,12.349880578517443,12.327416644513265,12.306722805391955,12.32434436258717,12.325938371933846,12.211353020274474,12.270729429442001,12.273327678126025,12.339919079061387,12.406795742403903,12.223184855848306,12.37743162138146,12.179558099096662,12.27800715641588,12.304144263174015,12.254528555996453,12.363435035224143,12.271568459024483,12.354209993025172,12.375311997817036,12.32547782588512,12.257801370460628,12.408402784429558,12.301230569438653,12.216296181084665,12.323717240603393,12.428108854001113,12.364926558490676,12.154171483410535,12.272551580230013,12.220027135091797,12.410397029235359,12.319029664747353,12.187077378247423,12.3724045228275,12.2619624480281,12.3723508010873,12.406430801867273,12.162245794412044,12.378989925577798,12.286370738934151,12.286545150622295,12.2437885160004,12.326125435395769,12.269912877886128,12.368506275040025,12.401786758473262,12.432581113797443,12.024477996467649,12.27020233154546,12.157958845581655,11.96804988804322,12.223469407394314,12.212408497427598,12.386428305985376,12.126458138361812,12.401317849602052,12.206261829832673,12.163078643432005,12.30970949711863,12.331102075109234,12.34012766487883,12.26915302688935,12.392938247619064,12.38315167517425,12.3448825345418,12.240641675687039,12.298992169845718,12.214607416596326,12.153529576341704,12.405967094484303,12.337132718256205,12.385554133116134,12.310693456498827,12.33537222931696,12.311571261702227,12.14249875775612,12.258329024004137,12.225003341012455,12.310213794983765,12.30128465998519,12.283896671795356,12.218158703749081,12.267016216329901,12.282644362247703,12.220099320586513,12.275518239063622,12.374131581557254,12.343236478219712,12.317782363938333,12.344974727722754,12.356974846351537,12.141635621516205,12.324217435169608,12.26491930346488,12.212879130956804,12.243570210413306,12.283263617443758,12.325360112474039,12.245906901813548,12.276694875969609,12.33931142521893,12.315078289062178,12.31202342895653,12.281596888682285
12.558381527090104,12.688354189041487,12.463740842547855,12.653875462662553,12.372160861830796,12.29610251215225,12.340611668093604,12.240206342255163,12.317538389516391,12.203834705963997,12.150736918267876,12.329584887549888,12.351921060608644,12.49473930663721,12.482917742624386,12.607625135081323,12.323787599960895,12.286508187317171,12.449677639157487,12.304803017505087,12.442226476392541,12.453451374034053,12.640145129856412,12.471600134662312,12.458274523762732,12.21504184355067,12.57286511974769,12.49989315691109,12.506440324110937,12.44264225031567,12.360661718201708,12.361434156624599,12.420408750656875,12.559162745301832,12.472526816299945,12.14181945847277,12.323123122433229,12.25205348291772,12.365509468447971,12.313468232547056,12.318582835789657,12.08996699713076,12.427332239260293,12.312127935955218,12.448125979394172,12.369486554712358,12.296439887874808,12.50364065293923,12.334135015188506,12.44325667943159,12.257624285985411,12.198427456301243,12.357030839408585,12.192081892850865,12.339815873103955,12.360132156464482,12.233050469752856,12.31643695508771,12.208093905854042,12.3015685146368,12.344441931906822,12.166523878823027,12.344445167165492,12.265657958505585,12.424666115723449,12.325666960628482,12.365306073929368,12.245021831132453,12.182963488979977,12.245736271737952,12.177084198815896,12.30310544387324,12.265806211087453,12.297528053453167,12.268233021606104,12.330768184778504,12.274556462836244,12.441083889827883,12.380895538971567,12.27639587804679,12.249371632899523,12.359082200258088,12.195320613618739,12.30666017888758,12.127011401870844,12.323339275441377,12.230189158790294,12.205742963101008,12.250397908358575,12.124125134605546,12.376898598784226,12.252111174276564,12.260863885498523,12.414881668280017,12.384544877652102,12.265269623289448,12.223434161699105,12.285559502119293,12.380598002845627,12.317050881507761,12.385609383283038,12.21089539910875,12.291622196415823,12.171473364504168,12.305833002841927,12.229433205788085,12.219956567535082,12.314099138637392,12.257731589505594,12.286436140621099,12.28574349335939,12.33308789293335,12.360553943963282,12.337315638524947,12.210665139065425,12.26819789457772,12.30837311391733,12.24661540466946,12.24849959421192,12.153296937943646,12.35065651987727,12.228853261713146,12.282872293281686,12.217719181813345,12.27454035844277,12.23582735481773,12.144714489503276,12.27666519704566,12.32293723960205,12.273630991927835,12.275836897095154,12.28911592042338,12.336143783008781,12.21808284527043,12.299501617833826,12.159658090717164,12.272787947047183,12.153788298497668,12.256069626457489,12.274871137657804,12.116544965461392,12.230510201609933,12.240014931400447,12.1945830930912,12.370234567340544,12.355084162691995,12.282427283340152,12.329712843923375,12.257170736189003,12.28366880516405,12.081760866612719
12.612469665385442,12.327244167881307,12.390542176746543,12.48293008010241,12.223350381951311,12.342725248959143,12.366709150338645,12.542824264901103,12.454402433753213,12.421528600603452,12.51975219383266,12.479477618073675,12.467178417490432,12.23839840987375,12.276560487029755,12.310007550883782,12.40436314715056,12.375193131161978,12.34377087778471,12.490068582457434,12.23231173881074,12.27443983206991,12.542012483212764,12.552002269926668,12.33850285761407,12.381500012819217,12.413557670918427,12.523255961093286,12.411359398692195,12.435952468937549,12.225131330017035,12.385010088426085,12.481581595002583,12.48014649284185,12.325726676159558,12.209650638985995,12.338939732728514,12.45125839819323,12.186881391779748,12.427515574392368,12.41786902277716,12.245129147608289,12.323962318713805,12.247792082613314,12.465591896420506,12.219354139351113,12.366557106136103,12.299608453831292,12.275102312380263,11.99712387645293,12.38021168623695,12.16796371743199,12.161878558535086,12.318954281236046,12.27439065085666,12.308771118303033,12.249027782752778,12.37826807586936,12.191789491828914,12.26689147861996,12.32951203677247,12.279634083477614,12.285875718165782,12.329230519674608,12.144431646971356,12.224389749741102,12.35275570591836,12.236664224509823,12.357742475624686,12.223751102938733,12.374445749091441,12.40679366539104,12.256643907888058,12.033261346092369,12.1435359464837,12.252865629421237,12.346602518869906,12.030455038673196,12.099965382804085,12.263590057971912,12.187443257828594,12.33883245564926,12.258250733515021,12.228668675529901,12.181170735815865,12.30655625139177,12.200754088935179,12.40899667515249,12.227026134983808,12.320394945990373,12.346993902741248,12.285301584323337,12.29924214949466,12.233628162295794,12.307920230962248,12.230530629197455,12.302213572808794,12.359824913564415,12.30453586072536,12.320899561254238,12.333588725963716,12.341529108618687,12.186448927096691,12.40131000965358,12.18557102342549,12.304697594935112,12.104346974673225,12.28479241966088,12.271934912636324,12.072741275185953,12.260613151324906,12.316282194244359,12.199309072237382,12.298977651605373,12.212572410828098,12.372874054983106,12.253659750156958,12.236018654189005,12.312935150474447,12.322249525828466,12.350039621308035,12.36133730539564,12.265246573528017,12.175016087228736,12.251156320763444,12.350413001814278,12.093176775157849,12.190651862838912,12.271076963389277,12.221659719512358,12.062709079636447,12.241198147552764,12.224370214687221,12.332677874169178,12.179987172992162,12.208929587794481,12.264369917045402,12.276974447365228,12.409068255759324,12.334424730592236,12.116832335901432,12.190339650134874,12.372845071323392,12.259017092970439,12.342390459026362,12.316184221182098,12.265140904863038,12.226707449026126,12.341575716163817,12.347296463463643,12.190786055612614
12.772165145537997,12.564903452456482,12.122958914017602,12.799741339372385,12.551356084975925,12.396039521045093,12.451025832929089,12.35854514776492,12.133828418994401,12.44114335854594,12.313557850198572,12.337720291726129,12.287096423808533,12.413705512782109,12.411199221480526,12.255649771657767,12.444588623938575,12.509374161023718,12.305380096153783,12.586113937523224,12.270869804411594,12.404905197772035,12.381577100292379,12.472653677922237,12.23420196513828,12.364160073774888,12.341746785730363,12.499153835801348,12.30300660188679,12.319373618949003,12.508699953379649,12.459595872045899,12.401952901624307,12.334093814062618,12.365417158855855,12.324136309360641,12.333747961611534,12.303758862391,12.322692684686332,12.450635431447592,12.160588234206983,12.126438450826768,12.319596556415936,12.346239333436902,12.431931921791847,12.376556094037081,12.367919541009824,12.213751481057898,12.416144767705028,12.391128213469894,12.303082514710203,12.349592676663413,12.355408548441467,12.417005221267956,12.245879525699822,12.302531404953417,12.140621886605665,12.187891599476595,12.434699434757302,12.26320957491864,12.22744677626834,12.169074662583078,12.318397172894874,12.12427061174408,12.371987632281822,12.237573557643724,12.400000123895026,12.22893099429101,12.198042581544035,12.333432252312845,12.300988873536578,12.15563485769501,12.406131402959552,12.262682072864783,12.29154537273741,12.327140727861966,12.207445675803514,12.302414578653964,12.250597146757837,12.31293809602905,12.248424722648508,12.298609783433596,12.293169510750968,12.318516969131355,12.320128581012392,12.268885337408701,12.384253725410952,12.329727064862373,12.176923333842662,12.351834162342115,12.328342295124221,12.506894115794926,12.11875002550485,12.39997856718208,12.341352471374016,12.360836107360054,12.241163172524526,12.3357706148452,12.263286888811042,12.273947853226327,12.318017814255112,12.212198966681767,12.208475016241376,12.202293674312692,12.12532985989413,12.28764501406459,12.268243138434682,12.220555345841529,12.175720312314608,12.31483919216414,12.20492994355503,12.322907299111394,12.366604862174508,12.210494329766398,12.205595665697903,12.33116308312134,12.330650950487371,12.300688613637574,12.183592386553949,12.15553272300143,12.30886152463033,12.220261468600151,12.217172123030767,12.280316947622282,12.266457052200803,12.327566844893212,12.25932353310257,12.224973113809341,12.253690597393822,12.246746788905245,12.216459921829216,12.213040845312475,12.204227446237446,12.186692473177498,12.257324120185151,12.426220179152049,12.22743366348044,12.211391949763685,12.336509499564437,12.34270599233951,12.251765924440049,12.363428952578698,12.247183555811977,12.282565510077356,12.194678632575718,12.186281124540061,12.325289353164063,12.2817571443193,12.334222857814494,12.279192962096781,12.20133656366781
12.492865474998595,12.419466823876094,12.405677992798989,12.535799928126652,12.403729883697045,12.52888046622692,12.348470679191669,12.507593108000608,12.517387970797335,12.608990198651798,12.412944460449822,12.580883142645604,12.340481316866462,12.490339814277876,12.364660401525516,12.40297167008989,12.642477688132784,12.425146354090069,12.243073912659645,12.190968482623115,12.288202397818985,12.490050685794376,12.761368325850954,12.269119715171612,12.317383300397895,12.414045471782027,12.148081044347313,12.401327596097783,12.49679134690247,12.397733619240848,12.37773380642622,12.346216676522593,12.181929980047371,12.436721395770673,12.423943982724838,12.223348023703519,12.267661729347765,12.386205992547907,12.334532897328726,12.225525624181117,12.209258141746291,12.41353591092414,12.304063280849954,12.36372597126709,12.288813269294872,12.450127533530143,12.275764691736379,12.033030054469974,12.40638447275049,12.273762347718375,12.31224849782804,12.336292592050526,12.387358377249923,12.302460256244316,12.362075139810251,12.254910413664128,12.267947399126127,12.375997527219646,12.293574423919273,12.278517548431015,12.060967433933227,12.241409795189691,12.353921707670727,12.366950801969933,12.333469476708744,12.23061958810298,12.026836871876357,12.223370946508648,12.413053329884127,12.36609094712261,12.28124025460036,12.385515557930349,12.264166858416237,12.349510229787578,12.221755097962303,12.38418149065473,12.333551942516445,12.411970975852924,12.30702490474751,12.215812817458337,12.30259890719431,12.186707862078176,12.151412596917181,12.366512947250122,12.21956940028377,12.099639116724632,12.223263115828015,12.239993029981227,12.369322760708949,12.357471558656327,12.299118755873236,12.385544587165093,12.295492945188798,12.384735368943181,12.278886816580721,12.377702418899386,12.355032217222012,12.163257096946575,12.328467355310242,12.233424752276745,12.294107142936781,12.30511412607534,12.320268770757533,12.266108749902411,12.284607998932232,12.379678248922032,12.121495685105,12.33759788818666,12.370097210487838,12.099559869196998,12.272546636544186,12.304180641565795,12.277517981447062,12.1775074017846,12.131846501679457,12.35107028862585,12.283619082478078,12.082805017089333,12.404249639716665,12.355191758086349,12.33828166091707,12.153636337070811,12.269074362194663,12.270426734733734,12.297404501984685,12.13176149204981,12.184085728371816,12.239222776603809,12.251493702572013,12.311395156059769,12.318093831426701,12.292497964823843,12.25529495564609,12.318787864255594,12.346848631837767,12.284295537963091,12.27098731561753,12.389761991210728,12.158829778389764,12.253228188845599,12.178413843294921,12.269098882237719,12.40163936654765,12.179746298261295,12.310124805045481,12.245340676967142,12.351276705284127,12.331782340253195,12.14840276332219,12.219648864304702,12.244125631509538
12.398801395276536,12.586275584387199,12.59476931932951,12.39113961805344,12.441704409787988,12.563405541413815,12.604068989555257,12.435786879850012,12.300693838427682,12.581094424315244,12.298466507282152,12.285911025411407,12.36693732915203,12.35899141487032,12.236056813250071,12.540866509886193,12.517598184604761,12.4617108462028,12.13180977187219,12.586732089335735,12.535536321058236,12.25800928696256,12.427320339359015,12.29509858753314,12.477112238541922,12.483835831872232,12.345387924224363,12.438553090198848,12.490228690515696,12.300189619049538,12.313510642857441,12.485975896452219,12.44838148112327,12.181451029615909,12.315357998124924,12.340294073803555,12.298165288504698,12.308095846720093,12.36366815480043,12.031704322713782,12.310994515704913,12.272531731563548,12.340224071875731,12.225189647069485,12.351545161941354,12.334288358247642,12.271697561171674,12.2785811891639,12.281273192403944,12.177538643014287,12.154311244156602,12.441523171408463,12.323649861051766,12.275583046464519,12.124891253620303,12.365706454027329,12.246649398549373,12.316303843691832,12.211406539056306,12.377842658430106,12.274481422775697,12.29168695313972,12.309542471230701,12.390296527837336,12.383548538248903,12.269714876499247,12.141394336310896,12.194922728608322,12.291379982241327,12.198807002463957,12.372544347260243,12.299449652789631,12.195133426872744,12.316399732251337,12.314630702445841,12.31473443414884,12.397586641200052,12.285721171793256,11.930079885953996,12.267868317737289,12.07955553810082,12.311261672242681,12.399295870829151,12.347483478555208,12.3240292025048,12.23734300032022,12.244397757325736,12.29307961522326,12.193849368804628,12.308374813704361,12.31233433412501,12.369920233780757,12.365983847878097,12.267509136111405,12.319615157961797,12.196396905325562,12.218213857842192,12.220746834709562,12.269797143483126,12.327579239707035,12.24146361129106,12.31918092259681,12.031438828893267,12.20951452492487,12.313182792340035,12.251382053783315,12.33147041182646,12.332511834823466,12.162991936148126,12.347312712357963,12.330355887778865,12.372788718493014,12.33445679766654,12.283671250018811,12.13988536031299,12.337905284225352,12.279030334528567,12.333046510610531,12.361812426489355,12.294311220975237,12.246603083926534,12.280416511938235,12.27050167363351,12.229170222063983,12.312051912229178,12.195783894724286,12.091468592461528,12.21713936664498,12.362224296054231,12.335977787369677,12.338555038025957,12.343249096691066,12.324360950032249,12.116735931400253,11.976380968681783,12.357550888706278,12.083379739249693,12.363170405629418,12.279731557506718,12.386168650966981,12.347841300212002,12.290546098113158,12.332071171496008,12.333638575513959,12.209207480345457,12.245642941738948,12.155941397831082,12.23809219352388,12.374886739782621,12.20118053453771,12.282833478492037
12.482143172640082,12.434020011515244,12.451564545921604,12.401794017340803,12.343246719653433,12.372907731855982,12.3863152134772,12.317582747021467,12.542991904031599,12.215914847768182,12.406012841648291,12.369615699500708,12.494713110586076,12.245759503674622,12.488780212911971,12.22143605786502,12.402379992155835,12.162371385732653,12.253495200148684,12.200188698066423,12.329632803208872,12.186856672029,12.346079538497532,12.348434277611892,12.371569690077191,12.40519082472769,12.334918033776104,12.298741270454505,12.419781240093899,12.52878077742495,12.374599951323669,12.132943276961846,12.251492439511427,12.400732242603194,12.466893137012573,12.517107447430247,12.400697590720657,12.323718807979409,12.368388236887508,12.428604918392324,12.352370538309028,12.352868850187868,12.290397680709646,12.135704687950023,12.340206081989226,12.166856135501465,12.247839896748035,12.265036779699248,12.287657091454642,12.29677866075285,12.28063551407934,12.228838783841947,12.435677423648965,12.262289925516725,12.251056413763207,12.240787457689962,12.365435113834423,12.431024330806125,12.286433771507768,12.36792226109417,12.33059680241572,12.276956502818859,12.372351861574781,12.480207765890624,12.360638685901904,12.33056270635057,12.038385328677,12.353482218869427,12.374286896476171,12.139623501801077,12.376142908538348,12.290131707913654,12.319036943088138,12.234081120500175,12.258894630790135,12.06579384409871,12.397900757170781,12.381774515068022,12.262405016200272,12.398644819249235,12.36085098212573,12.202978437148218,12.285601827816176,12.38530949444872,12.240344984030783,12.186584819915435,12.351676401759013,12.349907477183246,12.325856356323024,12.408164219317346,12.26419768249412,12.187870384138211,12.326957197430294,12.291125636144184,12.302669443345103,12.302936671345579,12.160842020913117,12.164949865720146,12.232095802909843,12.096147448043038,12.321109330576425,12.34142223387978,12.264355628809188,12.226682186926606,12.339782445734777,12.317230592822568,12.079866899293341,12.023833543010497,12.329468929264637,12.27891390169244,12.370377052457306,12.259123434417186,12.30956644766551,12.316505744921608,12.207474255331444,12.358531946429348,12.204727432556863,12.283600744462731,12.42227195280721,12.257307966138729,12.277790667199733,12.131429142113399,12.27497754737618,12.232912184280927,12.261748742287969,12.293469234074905,12.347725624468858,12.24402668672157,12.253608391846758,12.360462379515221,12.359496894753077,12.364468899133685,12.207182129277776,12.33015608294046,12.393162682909304,12.280973251781617,12.180201412810332,12.331957861930777,12.30919966976343,12.350816139362871,12.135734975063341,12.360096931482586,12.224741228216057,12.155588258749564,12.297361436307716,12.361603345288177,12.277517487723161,12.32650069002117,12.258580441980312,12.0980196033773,12.17104391526237
