0.8671443541306749,0.867159089621733,0.867183649886426,0.8671983867130412,0.8672229492038135,0.867237687366167,0.8672769915815951,0.867321213082619,0.8673556107012952,0.867375267708416,0.8674096696148812,0.867444074250357,0.8674735661102234,0.8674981441920294,0.8675423882491613,0.8675423882491613,0.8675866368195857,0.8675866368195857,0.8676308899039933,0.8676751475030747,0.8677046550776224,0.8677046550776224,0.8677390831179431,0.8678079473952723,0.86785222305996,0.8678915829993253,0.8679358671988389,0.8679653925092699,0.8680047627147474,0.8680441364919881,0.868083513841478,0.8681081264991579,0.8681721259413846,0.8682213627031748,0.8683346284521534,0.8685513931203513,0.8687781264719402,0.8691480543664627,0.869582504970179,0.8701261793793339,0.8708389269380418,0.8716570537091971,0.8726209408505617,0.8735470838968109,0.8745551245651217,0.8757407958263734,0.8769095939374152,0.8779304491443777,0.8789234063807921,0.8800349507642605,0.8810123959808017,0.8822715798937286,0.8834272985902326,0.8846525012857481,0.8856607310215557,0.8867072111207646,0.8878179477365252,0.8888334097783868,0.8896960539315395,0.8908402143742472,0.8920704845814978,0.8930123489917227,0.8940292929056974,0.8952003368184689,0.8962694955739778,0.8973412112259971,0.898083455060629,0.8990591855671314,0.900063496542966,0.9009003707408934,0.9016378960015549,0.902616047686711,0.9034683411332157,0.9043222456538305,0.9052634068747746,0.9058740687704515,0.9065929185197468,0.9074150909845297,0.9083195879958704,0.9089775561097256,0.9096526931875576,0.9104316953214671,0.9112066092090852,0.911847042706534,0.9127440751229692,0.9135065787510815,0.9142321381649666,0.9149151063486467,0.9155333883526499,0.9161908865668427,0.9168054041753003,0.9174922238803287,0.9180644426187236,0.9187641784595442,0.9193103821002,0.9199014541521452,0.920493286754493,0.9210470901794685,0.9216736905478627,0.9222566944787494,0.9227569994876585,0.9232745519021542,0.9237090759892358,0.9241886409736308,0.9247301435811321,0.9251324941533366,0.9256471185764298,0.9260278612863615,0.9263920994348095,0.9268520088150534,0.927194432836092,0.927621413639531,0.9280206590528842,0.9284033572676111,0.9288201817718509,0.929169701383831,0.9295533480679086,0.9298695303578804,0.9301915797276687,0.9305534449746223,0.9308929494390563,0.9312157082202946,0.9315840397242185,0.9318902598627944,0.9322420943020515,0.9325317057125105,0.9328442334761229,0.9331626588644052,0.933378857069694,0.9336350108555119,0.9338685178520231,0.9340109575000305,0.9342161469457497,0.934415723136082,0.9347181008902077,0.9350035423741235,0.9352663025548917,0.93555207900462,0.935775105900475,0.9360039619215319,0.9362787369502596,0.9366052419058806,0.9368459702588581,0.9370122596874789,0.9371786081590675,0.9374368520639041,0.9376320640889798,0.9378273574329664,0.9380572184878584,0.9382756908820122,0.9384942650637862,0.9387417218543046,0.9390008280430583,0.939237027129833,0.9393695810911143,0.9395598325743534,0.9397270869012762,0.939934795822512,0.9401021836849991,0.9403216097686817,0.940489135442968,0.9406220430834266,0.9407781130359436,0.9409515848479074,0.941130906274206,0.9412755701206953,0.9414144892600405,0.9415766134240324,0.9418141102935749,0.9419705761101642,0.9421154982276487,0.9423184641236974,0.9424867021276596,0.9427014378521507,0.9428523917742919,0.9430092027941014,0.9431312029866745,0.9432648584702215,0.9433578585425371,0.9434857635893011,0.943625335930373,0.9437882225290984,0.9439337045189693,0.9440734094314839,0.9442189793627493,0.9443878967335986,0.9445102539424003,0.9446268140981341,0.9447667242656135,0.94490084373862,0.9450641710239585,0.9452450635349906,0.945390995041159,0.9455252918287937,0.9456421026623015,0.9457180451824534,0.9458290600402822,0.9459868628383932,0.9461505658115116,0.9462675311991989,0.946378675106946
0.8671443541306749,0.867159089621733,0.867183649886426,0.867203299099885,0.8672327745897228,0.8672524260294693,0.8672868181921186,0.867321213082619,0.8673654390934844,0.8673900110484716,0.867424414124473,0.8674637352674524,0.867507975814723,0.867507975814723,0.8675423882491613,0.8675817200888607,0.8675817200888607,0.8676161383742611,0.8676603944683745,0.8676603944683745,0.8677046550776224,0.8677489202026958,0.8678079473952723,0.8678473033185565,0.8678866628116603,0.8679014235420175,0.8679407879444164,0.8679752347258131,0.8679949198285443,0.8680342927127985,0.8680736691691805,0.8681475096545896,0.8682558317594814,0.8683986612967269,0.8686647450010213,0.8689457880905216,0.8694738516061611,0.8700421125615918,0.8708042524871589,0.8714040140708781,0.8720145364236525,0.8727254070324257,0.8736418005843681,0.8746200781553509,0.8756406149903908,0.8766785969935577,0.8777089783281734,0.8787972721636702,0.8800147157728943,0.8812558284115636,0.8821851499697467,0.8833100615068604,0.8841671190786966,0.8853636531877487,0.8863991662324127,0.8874885505918909,0.8886064046528637,0.8897632761236102,0.8907728293630937,0.8916184718606398,0.8926738816065681,0.8936378866505945,0.8947503769769372,0.8956193106030468,0.8966001932706668,0.897583226820202,0.8985578700850487,0.899460640885536,0.9004817392020422,0.9014308426073132,0.9023766298068988,0.9031858407079646,0.9039538014596471,0.9048834982444941,0.9057293638773192,0.9065875497441728,0.9075119152064117,0.9082333677428541,0.9091179020630189,0.9097337770382695,0.9104533533158486,0.9110764616263569,0.9117601515133468,0.9124068014804484,0.9130108065554999,0.9136864973262032,0.9143358836071742,0.9150244759633488,0.9155936197317034,0.9163828348068647,0.9169646547231856,0.9176242110373847,0.9182186234817814,0.9188910163682527,0.9194539372135903,0.9200120192307693,0.9206870421823693,0.9211801021728273,0.9218346369926116,0.9223178137651822,0.9228014973145988,0.9232689837346891,0.9237592397043295,0.9241440092722267,0.9246184416353105,0.9251157225559276,0.925507218339661,0.9259158456262587,0.9263977053366655,0.9268127304318345,0.9272505920618288,0.9276551393997419,0.9280600398891833,0.9285216072782411,0.9289441747572815,0.9292430211172282,0.929643663921883,0.9300446523495641,0.9304516419198581,0.9308023906950161,0.9310967710544402,0.9314480064737127,0.9317257832850501,0.9319923779838184,0.9322534482233658,0.9325487472816651,0.9329010792134113,0.9331740352203252,0.9334471510014939,0.9338058581693526,0.9341762419375508,0.9344784646938178,0.9347865909507236,0.9351063439901292,0.9353691619620207,0.9355749486652978,0.9358208681512815,0.9360898117914664,0.9363646372343939,0.9365995117862628,0.9368115729181965,0.9370409362452258,0.9373105817093107,0.9375287064198272,0.9377182128900269,0.9379767543026597,0.9382009388750658,0.9383907172323328,0.9386726510190567,0.9388914102076613,0.9390584266216838,0.9391966920448341,0.9393522893222231,0.9395079381639428,0.9397097819681791,0.9398944007858546,0.9400502293479396,0.940188787009685,0.9404140303458444,0.9406393816320637,0.9408185840707964,0.9410325602552203,0.9412292728513547,0.9415013345469305,0.9417214143352772,0.941953188452167,0.9420691182986265,0.9422314680322017,0.9424112776632091,0.9425853523381461,0.942846584960276,0.9430266294605733,0.9431660659828112,0.9433578585425371,0.9435090227788187,0.9436486020020711,0.9437707677037932,0.9439569857996412,0.9441025198268312,0.9442306268966028,0.9443587687372772,0.9444461581171535,0.9446034997655305,0.9447375728964177,0.9448308636108351,0.9449941667026747,0.9451691969550104,0.9452684095483903,0.9453676429722669,0.9454610581703423,0.9456070563818748,0.9456946769540588,0.9458933437135072,0.9459810173513273,0.9461447183011544,0.9463435742102986,0.9464371823880707,0.9465600712285063,0.9467239726662751,0.9468235119489387,0.9469172151021822
0.8671443541306749,0.8671738256136038,0.8672082115423833,0.8672475130860393,0.8672769915815951,0.8673015585254343,0.8673064720812182,0.8673408685306365,0.8673850965460974,0.8674342440760173,0.8674735661102234,0.8674735661102234,0.8675030599755202,0.867547304534095,0.867591553606039,0.867591553606039,0.8676259726716804,0.8676702297690974,0.8676702297690974,0.8677144913818023,0.8677390831179431,0.8677833517558031,0.867812866690475,0.86785222305996,0.8678965032427775,0.8679161847744744,0.8679407879444164,0.8679703135896404,0.8679998412437419,0.8680342927127985,0.8680736691691805,0.8681376635307327,0.8682410589716542,0.8684183656104285,0.8686056011983114,0.8688520868568316,0.869335604770017,0.8698394299935227,0.8704972564182754,0.8711808657747528,0.871870515069367,0.8725065542003876,0.8734324543286511,0.8744701998103572,0.8753352049538861,0.8765631441528102,0.8777593027922711,0.8786510018194027,0.8799236698260154,0.8811594536569642,0.8824241446094254,0.8835751636250303,0.88424883035869,0.8854865577715052,0.8865428938742892,0.8877716114890137,0.8888334097783868,0.8899287894201424,0.8909127942502982,0.8918729973783862,0.8929602603811224,0.8940188509559794,0.8949386772047562,0.8961068608455914,0.8970047109006961,0.8980149698491283,0.8988797031330734,0.8998360087226902,0.9009268795056643,0.9017653607591581,0.9025468694729395,0.9032817644351613,0.9040392110546829,0.9047872340425532,0.9056061332055583,0.9063835833797114,0.9070871180475318,0.9077433011758148,0.9084812951006457,0.9093014967925873,0.9100582570443467,0.910859631586463,0.9112011856507687,0.9117873032322619,0.9124720607957085,0.9132450054583525,0.913964692748103,0.9147401693365759,0.9152925420607684,0.9158839365839067,0.9164431780087161,0.9170031027997076,0.9175197180735023,0.9180589371169507,0.9185050968063213,0.9190620272314675,0.9195423011082079,0.9201557935735151,0.9206704313782091,0.9212133611741273,0.9217125345439001,0.922090046679717,0.9225901708500316,0.9231242349507655,0.9234694800846921,0.9239041877138667,0.9242890780655678,0.9246742892347836,0.9251324941533366,0.925507218339661,0.9258262526080252,0.9261735221697228,0.9265659139466055,0.9269249632172634,0.9273236092265943,0.9277113544500937,0.928037536144907,0.9283020240852808,0.9286229884081355,0.9289723595982888,0.9293896953029669,0.929666245627672,0.9300446523495641,0.9303894399066511,0.9307175078730104,0.9310118345354367,0.9312893512181768,0.9316067157957512,0.9318108501275161,0.9321342458413503,0.9324237902366234,0.932696466975758,0.9329295046801872,0.9331797235023042,0.9334357679855129,0.9337090370153514,0.9339539764269504,0.9341363403382881,0.9344043164852872,0.934695273100265,0.9349521500418344,0.9353005865102639,0.9355806662551717,0.9357465067664209,0.9360211306357533,0.936192852425332,0.9364161849710982,0.9367141275017897,0.9370122596874789,0.9372072948998145,0.9374081512687371,0.9375918667319941,0.9377699097697383,0.9379480204389222,0.9381606927277073,0.9383907172323328,0.9386611402013563,0.9388108028552505,0.9390353863423072,0.9392024539877301,0.9394099310277116,0.9395540662456502,0.9397097819681791,0.9399290248904061,0.9400560017684769,0.9402580811586013,0.9404602474475064,0.9406509410196069,0.9408185840707964,0.9410209914866152,0.9412350597609562,0.9414376464366317,0.9415997785773595,0.9418025223008305,0.9420459300465208,0.9423300648163536,0.9424170791164955,0.9425621386660428,0.9428001330229464,0.942922079121935,0.9431428236990125,0.9433055437454942,0.9434625055465168,0.9435962549540499,0.9438173153394204,0.943927884378237,0.9440035518064266,0.9441432773964366,0.9442772199057512,0.9444403316553154,0.9445627024525682,0.9446443006028594,0.9447900466562986,0.9448833477348475,0.9450350012963443,0.9451400207438139,0.94525673639754,0.9453442920569837,0.945455219179605,0.9455194520446418,0.9456070563818748
0.8671443541306749,0.867159089621733,0.8671885621063126,0.8672131240405367,0.8672524260294693,0.8672917315808855,0.8673162993598097,0.8673310406952699,0.8673556107012952,0.8673850965460974,0.8674145843957165,0.867444074250357,0.8674784816151679,0.867517807660269,0.8675620537232234,0.8675620537232234,0.8676112213091527,0.8676112213091527,0.8676456419353559,0.8676849831382663,0.8677243279089936,0.8677243279089936,0.8677636762480232,0.8678423836329314,0.8678866628116603,0.8679161847744744,0.8679555505159315,0.8679801559177888,0.8680146058241858,0.8680342927127985,0.8680539804944432,0.8680933587370713,0.868157356001792,0.8682706050500238,0.8684085133418044,0.8686203863939402,0.8689507202942479,0.8693800364584221,0.8699086280570961,0.870536856650574,0.871161035901463,0.8720691776608107,0.8727602346515857,0.8737614720789005,0.8748099978285466,0.8757959050577514,0.8769347096360283,0.8780512985225292,0.8791909307053513,0.8803132762903672,0.8814841685236047,0.8826938045953816,0.8837230781664002,0.8848519177860495,0.8860246667785604,0.8872622318044302,0.888415603709421,0.8896133328684495,0.8906173643915947,0.8918470187294282,0.8928300654357132,0.893987526570274,0.8951061217330293,0.8960806349652315,0.8969889436401028,0.8978938292893214,0.8988005424859241,0.8995980631816473,0.9004446640316206,0.9015051585245206,0.9025628327349263,0.9034683411332157,0.9046268392129055,0.9053811897876266,0.9062279865744002,0.9069796375399162,0.9077379187666765,0.9086160950102975,0.909447345440288,0.9100312082032992,0.9107620917365697,0.9114670159561801,0.9121621621621622,0.9129726925210069,0.9135065787510815,0.9141775447564223,0.9147401693365759,0.9154676904309138,0.9160647929295045,0.9167505030181087,0.9174097511865382,0.918191087386793,0.9187476369659543,0.9192938209331651,0.9198627626526946,0.9203328083105891,0.9209750580534934,0.9216237530777983,0.9222622504427871,0.922807059844722,0.9233079623174071,0.9237982596941793,0.9243225619475438,0.924774831916783,0.9252555044513076,0.925742274898712,0.9261455069026848,0.9266219970583429,0.9269754768392371,0.9273460783601076,0.927806935673507,0.9282232246798603,0.9285497664826833,0.9288596304947973,0.929192260069436,0.9295759253861848,0.9299712060649503,0.9303385535359429,0.9306382978723404,0.9308929494390563,0.9312270371541886,0.9315046821663918,0.9317824927874959,0.9320945184878503,0.9323953955782934,0.9326623736619899,0.9329920468050096,0.9333504042140689,0.9336236232573457,0.9339767680218654,0.9342446526103805,0.9345126909130864,0.9347751752436314,0.9350092529820254,0.9352663025548917,0.9356035373135241,0.9358380301492792,0.9360840879768624,0.9363589100584115,0.9365995117862628,0.9368287712727874,0.9371327130264446,0.9373622336517267,0.9375688983611377,0.9377986327215702,0.9380169846696813,0.9382009388750658,0.9384770055049471,0.9386438745041294,0.938879894024139,0.9391275542441401,0.9393349981899286,0.9395540662456502,0.9397328553539421,0.939934795822512,0.9400560017684769,0.9402754062918423,0.9404718024327313,0.9407434263486816,0.9409284515768188,0.9411135496007229,0.9413855443912877,0.9416113615814692,0.9417909345932378,0.9420111498086319,0.9422256688639007,0.9424286822373524,0.9426375872812581,0.9427769087706765,0.9429395025684615,0.9431079624210689,0.943212553987197,0.9433578585425371,0.943514837755385,0.943642785376588,0.9438231341167187,0.9439744475138122,0.9441665690162387,0.9443063428715943,0.9444461581171535,0.9445335636722606,0.9446268140981341,0.9447958774338877,0.9449183403903366,0.9450700051855693,0.9451925392209524,0.9453618051352987,0.9455194520446418,0.9456128972482164,0.9457180451824534,0.945951790999586,0.9461271762037489,0.9462441358081922,0.946331874490023,0.9464488847123992,0.9465191047359961,0.9466068944195394,0.9467532467532468,0.9469406437885048,0.9471339746960745,0.9472863516264565
0.8671443541306749,0.8671738256136038,0.8671983867130412,0.8672278618689386,0.8672671651937458,0.8673113856926764,0.8673408685306365,0.8673900110484716,0.867424414124473,0.8674686506609851,0.8674686506609851,0.8674932284642497,0.8675374720199474,0.8675374720199474,0.8675768034138629,0.8676161383742611,0.8676161383742611,0.8676456419353559,0.8676800652927974,0.8677144913818023,0.8677636762480232,0.8677636762480232,0.8677981089721788,0.8678669826188505,0.8679014235420175,0.8679407879444164,0.8679604714847006,0.8679949198285443,0.8680146058241858,0.8680392145744856,0.8680785914774177,0.8681425865647435,0.8681721259413846,0.8682262866865164,0.8683888094751889,0.8686105295409283,0.868926059835512,0.869246755016523,0.8696269619009208,0.8701509080057976,0.8706061657273818,0.8712701113773341,0.8720840810048706,0.872934414451401,0.8738811763631382,0.8747750064283878,0.8757908948410201,0.8770050412465628,0.8779556233548009,0.8790293871082581,0.880019774433497,0.8810833832128551,0.8820580778981332,0.8832489066845136,0.8843254484013517,0.8854199802198947,0.8865942364714603,0.8877046898919144,0.8886992563696209,0.8897425912902982,0.8907883788454489,0.8919301557338367,0.8928665161933756,0.89386225097508,0.8948340561835845,0.895818460566199,0.8967262375454689,0.8977358689724328,0.8988163734999178,0.8996826516220028,0.9005876850855056,0.9015263938944245,0.9023925870473742,0.9032071553310993,0.9040712438140007,0.9048460597320157,0.9054990033537,0.9061850727185552,0.9069688908900251,0.9077217719222308,0.9083357561157952,0.9087833024647386,0.90956621967667,0.9102584684540055,0.9111361079865017,0.9116895646115091,0.9123143667612215,0.9130053614985956,0.913528383289275,0.9140902088632537,0.9146581906389284,0.9153308500397606,0.9158565403368132,0.9164267199837175,0.9170635277203703,0.9177617380461369,0.9184555020938073,0.91897927209206,0.9195643947357356,0.9201779166917112,0.920698116384806,0.9212854305831377,0.9216792394897019,0.9223067005651079,0.922718067409229,0.923113102308838,0.9235809045771822,0.9239487962532666,0.9244118641611516,0.9248139377537212,0.9252722811174102,0.9257086880804953,0.9261230959093054,0.9265827381672921,0.9269137387155564,0.9272730576570137,0.9277675763140192,0.9282007130211238,0.9286004573549839,0.9289498115886625,0.9292881467047875,0.9295194841467413,0.9298921230380485,0.9301520177900915,0.9305308201484327,0.9308476678645045,0.9311477404050849,0.9314083375921735,0.9316860907403463,0.9319526627218935,0.9322023577552611,0.9324351485842017,0.9327476116201989,0.9330545973158453,0.9332991934451415,0.9335496106398677,0.9337375117410981,0.9339596742213953,0.9342902652922975,0.934564034943135,0.9349121821335222,0.9351291918636614,0.9353405876351018,0.9355806662551717,0.9358094271689763,0.9360382999798228,0.9363875466389382,0.9366568161377361,0.9368689032226479,0.9370524073598002,0.9372531973380516,0.9374425924338359,0.9377239567062974,0.9379250346154318,0.9381434454358271,0.9383332005320225,0.9384827586206896,0.938632364392179,0.9388338321149978,0.939018106874724,0.9391794066403278,0.93931194433707,0.9394099310277116,0.9395713654441008,0.939715550208396,0.9398886303497646,0.9400098243890458,0.9402118839244588,0.9404024767801857,0.9405700312724636,0.9407318646879896,0.9409747192565138,0.9410788381742738,0.9411656215418664,0.9412697827129524,0.9414665945094952,0.9416403203385452,0.9417793471707864,0.9419647801528408,0.9420749155400208,0.9422836637594096,0.9424983069629994,0.9426898280140643,0.9428872341604922,0.9429627348321528,0.9431137724550899,0.9432648584702215,0.943352045500761,0.9434857635893011,0.9435846230654019,0.9436718692210962,0.9438173153394204,0.9439104243866647,0.9441025198268312,0.9442131557035803,0.9443296425377047,0.9444403316553154,0.9445627024525682,0.9446501295816364,0.9448017082834467,0.9449066758838633
0.8671443541306749,0.8671689135606662,0.867183649886426,0.8672131240405367,0.8672475130860393,0.8672868181921186,0.867321213082619,0.8673605248695475,0.8673850965460974,0.8674194992322468,0.8674489894210774,0.8674883127921802,0.8675276397286745,0.8675325558464521,0.8675669702310451,0.8675964704482213,0.8675964704482213,0.8676407245358301,0.8676751475030747,0.8677144913818023,0.8677144913818023,0.8677587575104864,0.8678079473952723,0.8678276249107173,0.8678669826188505,0.867911264307865,0.8679555505159315,0.8679752347258131,0.8680047627147474,0.8680441364919881,0.868083513841478,0.8681425865647435,0.8682804541896844,0.8684528503111545,0.8686548871412522,0.8689556525539656,0.8694244726888609,0.8699135711972179,0.8705764604859851,0.8712849874221711,0.8720642099926517,0.8730588711655042,0.8739111075591683,0.8749599926843765,0.8758961214319634,0.8769196400442212,0.8781268462804798,0.8793777895214516,0.8804651644294144,0.8814638668332594,0.882592026750454,0.8835241700909553,0.8846525012857481,0.885655607300917,0.8867791190713409,0.8879518351816621,0.888977927982858,0.8899856988384667,0.89103724441392,0.8920237033929415,0.8930800732711851,0.8941650604520764,0.8952108063855915,0.8961330882611189,0.8970204787156124,0.8979938995776631,0.8989905514677816,0.8999894181138376,0.9009003707408934,0.9018397318456817,0.9027757301992605,0.9037776951277828,0.9046054575321744,0.9055900621118013,0.9063674846807377,0.9071569940388011,0.9078724981467754,0.9086160950102975,0.90940412614871,0.9100582570443467,0.9107729284660416,0.9114398833090227,0.9121241189473245,0.9130325874326065,0.9136592323806227,0.914264897340038,0.9148823005623518,0.9155936197317034,0.9162841085248119,0.9169536701506394,0.9175802110991903,0.918174566522524,0.9188303503907235,0.9195588712293221,0.9201447324133288,0.9206759682463315,0.9211579308394457,0.9216293014183543,0.9222178046047638,0.9227736856698533,0.9232578476012423,0.9236254819033599,0.9240826477210308,0.9244956006594481,0.9249200988418108,0.9254232984941999,0.9259270459727708,0.9263977053366655,0.9268351748145905,0.9272337435798043,0.9276438972071914,0.9281219308137209,0.9285159756423009,0.928865266300193,0.9292035398230089,0.9296041485763558,0.9299712060649503,0.9304120578582715,0.9308363481591828,0.9312213726527856,0.9315727021024127,0.9319640095941948,0.9322137107086749,0.9325941945112851,0.9328499177381024,0.9330489105591955,0.9334130027863985,0.9336976476113222,0.9338970023059185,0.934164841132787,0.9344442409815052,0.9347123938381884,0.9349578600219861,0.9352605888066859,0.93558638391493,0.9359352933624342,0.9361127077498808,0.9364219128477405,0.9366568161377361,0.9368631698764435,0.9370696145582753,0.9373335374253788,0.9375631564442539,0.9377986327215702,0.9380629664579223,0.938292943036811,0.9385000183911428,0.9387186971131442,0.9389202019024956,0.9391390765040396,0.9392773656794714,0.9394675798077985,0.939715550208396,0.9398482392809784,0.940044456998293,0.9402234328074044,0.9404544700613701,0.9406451612903226,0.9408417119398216,0.941073053185473,0.9412755701206953,0.941402911098949,0.9415939871821682,0.9417851408463701,0.9419995569666987,0.9421966740931303,0.9423416657946411,0.9424634933142899,0.942643391521197,0.9428523917742919,0.9430208205001848,0.9431544446977211,0.9433346068052697,0.943514837755385,0.9436660523087734,0.9438696869181351,0.9440384793266118,0.9442655712223826,0.9444112004244267,0.9445801865837405,0.9447317428384533,0.9448658523789832,0.9449766672427842,0.9450466689713072,0.9451750324134099,0.9453209422952237,0.9454377026401112,0.9455661723377577,0.9456537853330698,0.9458232165032529,0.9459751719365025,0.9460862471726798,0.946232438546502,0.946378675106946,0.9464839934217848,0.9465717765919953,0.9467181180661199,0.9468586484580844,0.9469523585664271,0.9470870993485644,0.9472101570330772
0.8671443541306749,0.8671689135606662,0.8671934743818506,0.8672180365943466,0.8672327745897228,0.8672819048590221,0.8673064720812182,0.8673261268611054,0.8673457825318407,0.8673801820994125,0.8674194992322468,0.8674588199296241,0.8675030599755202,0.8675423882491613,0.8675423882491613,0.867591553606039,0.8676210554951034,0.8676210554951034,0.8676653120908643,0.8677095732018364,0.8677440016324403,0.8677440016324403,0.8677833517558031,0.8678325444290128,0.867862062710106,0.8678915829993253,0.8679260258750694,0.8679703135896404,0.8679752347258131,0.8679998412437419,0.8680195274626206,0.8680687469167654,0.8680933587370713,0.8681475096545896,0.8682361348207551,0.8684035872913227,0.8685858883870822,0.8689211279117286,0.8692862415535745,0.8697949513371628,0.8704180667610487,0.871190781049936,0.8718556190237541,0.8728746878314119,0.8738163324714464,0.8747800050284565,0.8758409995880818,0.8769748977464111,0.8780915890423531,0.8792767748938883,0.8804702282700592,0.8815247747099301,0.882770153384846,0.8841620126251104,0.8853431724074117,0.8865582960290481,0.887648071805041,0.8886321948501242,0.8897632761236102,0.8907831956243454,0.8917067601728778,0.8928352725045928,0.8938935665821957,0.8949543724679789,0.8960072106661672,0.8968943517156934,0.8979254280234379,0.8990275069883253,0.8998465870016282,0.900661862038535,0.9017228685024297,0.9025521904975268,0.9034950012393621,0.9044077248908555,0.9051991745652572,0.9061153463705668,0.9069581444948014,0.9077809798270894,0.9085459940652819,0.9093555093555094,0.9100582570443467,0.9107729284660416,0.9116515608065457,0.9123306774095506,0.9131360607922315,0.9137246709839147,0.9144232664544222,0.9150737008212889,0.9156100478468899,0.916152506567884,0.9168932597055688,0.9175307162121666,0.9180754538203669,0.9187035292282026,0.9193379853713023,0.9198517085363729,0.9204158074155128,0.9210470901794685,0.9214906129426423,0.9220067453625632,0.9224011713030746,0.9229183245315778,0.9233970685807347,0.9239264914451251,0.9243337237806571,0.9248753964657906,0.9254344869276107,0.9259382465902561,0.9264033113063684,0.9268912905276542,0.9273123750681447,0.9277338423779656,0.9280319103793601,0.9283526879112216,0.9288314524936294,0.9292091798024922,0.9296041485763558,0.9299712060649503,0.9303046323810913,0.930576070901034,0.9308646479387085,0.9312213726527856,0.9315670333949956,0.9319923779838184,0.9323442895510935,0.9326112383644427,0.9329579318792621,0.9332593667320986,0.9335268398875548,0.9338343388008808,0.934187643020595,0.9344556486070758,0.9347466371956991,0.9349749903809157,0.9351748909604036,0.9354091689528965,0.9357293481250573,0.9360154076610314,0.9362386555444115,0.936502110478987,0.9367083960497815,0.9369033047735618,0.9370868223887175,0.9373392765300874,0.9375688983611377,0.9378503384690783,0.9380859590426118,0.9382756908820122,0.9385518015118354,0.9387129411043321,0.9389144434222632,0.9390584266216838,0.9391909301726359,0.9393753451555501,0.9395540662456502,0.9397213185194279,0.9399174832387829,0.9400790921595599,0.9402927320635583,0.9404024767801857,0.940627822528617,0.9407434263486816,0.9409400180701787,0.9411135496007229,0.9412987204633632,0.9415360771482694,0.9416576964477933,0.9417735535664852,0.9419647801528408,0.9421386899047338,0.9423358652697928,0.9425389261373082,0.9427014378521507,0.9428814269172969,0.9430440567711413,0.9432067427360328,0.9433636716559548,0.943514837755385,0.9436602354681625,0.9438871454026425,0.9440035518064266,0.9441374546710413,0.9442248030937563,0.9443645941927962,0.9445044266896998,0.9446034997655305,0.9447142530962856,0.9448308636108351,0.9449766672427842,0.945128350763684,0.9452859198152528,0.9454201867496665,0.9455836936380482,0.9457414145657398,0.945881655122985,0.9460160913573838,0.9461505658115116,0.9462733802277138,0.9464313313344255,0.9465659238740632,0.9467532467532468
0.8671443541306749,0.8671689135606662,0.8672082115423833,0.8672426001982722,0.8672769915815951,0.8673064720812182,0.8673457825318407,0.8673850965460974,0.8673850965460974,0.867424414124473,0.8674539046474995,0.8674883127921802,0.8674883127921802,0.867517807660269,0.867557137271125,0.8676063042997773,0.8676063042997773,0.8676456419353559,0.8676849831382663,0.8676899010394822,0.8677341646592036,0.8677784327952113,0.8677882707721609,0.8678177860414493,0.8678473033185565,0.8678965032427775,0.8679309465090569,0.8679506296029618,0.8679801559177888,0.8680096842415618,0.868049058465307,0.8681081264991579,0.868177049366263,0.8682755295919236,0.8683691065027,0.8686302434706626,0.8689457880905216,0.8693010499298722,0.8697751845055138,0.8704329137242861,0.8712304444077693,0.8720542748261189,0.8727254070324257,0.8736168731489354,0.8744452250801104,0.8755404570722668,0.8765681632092163,0.8777039461991388,0.8788174512055109,0.8799337851119963,0.8812507555304832,0.8821190679235715,0.8833916144444829,0.8846064948572749,0.8858503503706232,0.8868561762473859,0.8879209344948786,0.8890243902439025,0.8899287894201424,0.8909127942502982,0.8920652864293498,0.8929498433881815,0.8940710631438783,0.8950956546143412,0.8961750553194479,0.8972255107662372,0.8981888373239147,0.8990908663785003,0.8999576739483152,0.9009374834483854,0.9017547373195341,0.9027065275075181,0.9036656631839916,0.9046482219044355,0.9053169407632126,0.9061153463705668,0.9068936714709698,0.9077863627469002,0.9086484529412812,0.9093447063295952,0.9100257986280361,0.9108758902593578,0.911727571585116,0.9124231154341296,0.9129509145014223,0.9137301246239794,0.9144287284369474,0.9150955802359917,0.915725061161988,0.9163224995510864,0.9169591624040154,0.9176242110373847,0.9181580462527589,0.9187917489392093,0.9193214232097283,0.9199180372197552,0.9204102736761098,0.9208476441963561,0.9213796922113955,0.9217902323592989,0.922240026988277,0.9226902607930472,0.9231910364415927,0.9235697609179592,0.9239989860093432,0.9243839553658227,0.9247580732847668,0.9252946509519492,0.925792659696059,0.9262183501225156,0.9268351748145905,0.9273011411818864,0.927784444202029,0.9282063408334394,0.9285441345051586,0.9289047188529613,0.9292768648970202,0.929525127962258,0.9298525865681886,0.9302424500212676,0.9306156689199047,0.9309099311653248,0.9311534040107293,0.9314140043683797,0.9318108501275161,0.9321172194180433,0.9325317057125105,0.932798761874006,0.9331285314608591,0.9334357679855129,0.9337545974102018,0.9339824660944049,0.9342389513382886,0.9345069863691025,0.9347523446658851,0.934992121367584,0.9352377345119768,0.9354777603285079,0.9357465067664209,0.9360840879768624,0.9363245484737096,0.9365364850976362,0.9368631698764435,0.9370753504315358,0.9373622336517267,0.9375229649952233,0.9377124691441207,0.9379939954659641,0.9381606927277073,0.9384137258868314,0.9386035903472632,0.9388223173438975,0.938989309175218,0.9392024539877301,0.9394387545333489,0.9396290340399936,0.9399059418706025,0.940044456998293,0.9402176583304672,0.9404429155020426,0.9406567208199179,0.940893753802848,0.9410441293082782,0.941171407668804,0.9413681783243659,0.9415592403070262,0.941634528444633,0.9418199043968821,0.9420517270025291,0.9422720642091722,0.9424634933142899,0.9426724137931034,0.9428349715468184,0.9429801597812094,0.9431253927378913,0.9433636716559548,0.9435555445983926,0.9437533135241101,0.9438347718865598,0.9439686268706413,0.9441258094357077,0.9442888688765251,0.9444112004244267,0.9445860147713039,0.9447317428384533,0.9448192012639557,0.945,0.9451458558419509,0.94525673639754,0.945402671508235,0.9455428116140747,0.9456537853330698,0.9457998430771702,0.9459108771409506,0.9460920939603122,0.9462558333590877,0.9463611243331458,0.9464313313344255,0.9465249568749652,0.9466244543104835,0.9466947003895863
0.8671443541306749,0.867159089621733,0.8671885621063126,0.8671934743818506,0.8672327745897228,0.8672769915815951,0.8673162993598097,0.8673408685306365,0.8673654390934844,0.867399840220292,0.8674293290723962,0.8674637352674524,0.867507975814723,0.867507975814723,0.8675522208747493,0.8675817200888607,0.8675817200888607,0.8676308899039933,0.8676702297690974,0.8676702297690974,0.8677144913818023,0.8677538388287108,0.8677538388287108,0.8678227054481965,0.8678473033185565,0.8678817426797811,0.8679014235420175,0.8679457087457904,0.8679703135896404,0.8679998412437419,0.868049058465307,0.8680736691691805,0.8681278176302135,0.8682164387756838,0.8683444790443616,0.8685021189205135,0.8687386860816815,0.8690641764355256,0.8694491614464126,0.8699382877405131,0.8705071561385852,0.8710222520610609,0.8719450029332528,0.872720431885165,0.8736318294394924,0.8745201535508638,0.8755204282380931,0.8764577572437009,0.8775027083416924,0.8787468286130851,0.8798326427163374,0.8808907301916106,0.8819310424287813,0.8831317169409688,0.8840598959386026,0.8851640059901359,0.8862298327573331,0.8870206096564671,0.8882145778819543,0.8892722710163111,0.8903273082559844,0.8913589016529936,0.8921588624377167,0.8931947069943289,0.8941807285917048,0.8949229824920352,0.8958237025507189,0.8970467596390485,0.897804311618851,0.8988163734999178,0.8997936980939114,0.900624772034686,0.9016644481877186,0.9025575115848554,0.9033883702540982,0.9043169037380085,0.9050439841089671,0.9057883121416695,0.9066841974343485,0.9073774426999057,0.9082656984194789,0.9089991449743492,0.9096635035325296,0.9104100383574678,0.9112445759251433,0.9118524739560067,0.9124068014804484,0.9130761523046093,0.9137519398352633,0.9144014191768057,0.9149369781799275,0.9155662408497202,0.9161305765835852,0.9166023027320245,0.917195391555979,0.9178112578612582,0.9184169321310944,0.9189903052495723,0.919597537167743,0.9201447324133288,0.9206206025617897,0.9210581730451053,0.9214850662718047,0.9219345630611913,0.9223344840674536,0.9227848101265823,0.9234026382932523,0.9238038342475425,0.9243002390900089,0.9247636594279501,0.9251157225559276,0.9255295995356936,0.9258598479579556,0.9261511098205049,0.9265659139466055,0.9269586383535268,0.9273797841020608,0.927716976329855,0.9280037825746967,0.9283526879112216,0.9287187575831108,0.9290061836651718,0.9292035398230089,0.9295646365899569,0.9299429605826647,0.9302989790957705,0.9306043548563578,0.9309042705210607,0.931232701724505,0.9314706759231653,0.9317087717803434,0.9319640095941948,0.9322250639386189,0.9325714703427774,0.932872655478776,0.9331114686951434,0.933378857069694,0.9336122359369664,0.9338229463397971,0.9340394506439863,0.9343358824283334,0.9345241002099917,0.9348550910489869,0.9350035423741235,0.935289158245867,0.9354606115415638,0.9356492827850066,0.9358494718309859,0.9361241561491048,0.936273010825026,0.9364734668909619,0.9366568161377361,0.9368517033945498,0.9370409362452258,0.9372646736501834,0.9375631564442539,0.9378503384690783,0.9380572184878584,0.9383216980380379,0.9384827586206896,0.9387186971131442,0.9389202019024956,0.939237027129833,0.9394272249188456,0.9395713654441008,0.9397905437758597,0.9399925090413415,0.9401714650682912,0.9403447132099114,0.9405064690921154,0.9406971814109536,0.9408185840707964,0.941096193567424,0.9412871451496874,0.9414318570356796,0.9415650312747939,0.9417561731812646,0.9418952342279154,0.9420807128527648,0.9422488659654219,0.9425215174910421,0.9427478800642909,0.9429278868658997,0.9430614847258413,0.9431834984474345,0.9432997313484337,0.9434392486503809,0.9435671757701268,0.9436602354681625,0.9437533135241101,0.9438638675668177,0.9439860890155019,0.9441374546710413,0.9442655712223826,0.9444228527011271,0.9445801865837405,0.9447550635020551,0.9448716840922837,0.9450408350978129,0.9451633615686662,0.9453092678468882
0.8671443541306749,0.8671640015633763,0.8671934743818506,0.8672180365943466,0.8672475130860393,0.8672868181921186,0.8673261268611054,0.867370353373107,0.867399840220292,0.8674293290723962,0.8674686506609851,0.8675128917096391,0.867547304534095,0.867591553606039,0.8675964704482213,0.8676407245358301,0.8676751475030747,0.8676751475030747,0.867719409617521,0.8677636762480232,0.8677636762480232,0.8678079473952723,0.8678423836329314,0.86785222305996,0.8678817426797811,0.8679260258750694,0.8679506296029618,0.8679801559177888,0.8679998412437419,0.868029370906926,0.8680638247201715,0.8680982812686063,0.8681228947637032,0.86816227925915,0.8682558317594814,0.8683444790443616,0.8684676303070186,0.8686154579394709,0.8689211279117286,0.8693010499298722,0.8698295454545455,0.870333943535458,0.8709826076567274,0.8717017230187561,0.8723673413566739,0.8732730197483258,0.8741805806171628,0.875045012603529,0.8760063859372049,0.8770653344638724,0.8783283705399404,0.8794131501246539,0.8806069739884725,0.8817278617710583,0.882698894103809,0.8839067651287262,0.8850718914950078,0.8861015928875717,0.8872622318044302,0.8883692050578261,0.8895202900571747,0.8906121831604544,0.8915769304687636,0.8927103196123366,0.8937474458520638,0.8947137722451126,0.8956979118519516,0.89662119818907,0.8976621731762664,0.8987108439393228,0.8997461033923407,0.9007784505127888,0.9016378960015549,0.9023925870473742,0.90323380002478,0.9040231955262397,0.9050172325118085,0.905852628090958,0.9067378995001066,0.9075172949357109,0.9081741008133168,0.9089613651342157,0.9096148590034581,0.9101827024263215,0.9107512552649739,0.9114019003167194,0.9121186844613918,0.9129781371882492,0.9135883511368383,0.9142758175867752,0.9149369781799275,0.9155060130726771,0.915988057272439,0.9166407204272747,0.9172613376952529,0.9179268248809795,0.9185712314218684,0.9190840977858893,0.9197356563532593,0.9201613242533344,0.9207091908536512,0.9211801021728273,0.9216792394897019,0.9221678081572908,0.9226124111829616,0.9230351813330921,0.9234750506707847,0.9239376437145805,0.9244286102472752,0.9249536284597398,0.925395328594226,0.9258038570625124,0.9262071427274983,0.9265434826027223,0.9269137387155564,0.9272955243408261,0.9276551393997419,0.9279925319302414,0.9283414288053267,0.9286962218825071,0.9290456481897295,0.9293276351892771,0.9296154383322909,0.9298977713796308,0.9302707136997539,0.9307005331663516,0.9309948490911413,0.9312100438567145,0.9315046821663918,0.9317257832850501,0.9319980518689882,0.9321910050783676,0.932514664766186,0.9327817111660838,0.9329863608107943,0.9332422991813022,0.9335040702460441,0.9337773792750096,0.9340394506439863,0.9343529900028075,0.9345355097854884,0.9347352224644185,0.9349692801915255,0.9351748909604036,0.9353405876351018,0.9355978194441049,0.9358952413557001,0.9361069836552749,0.9363302752293577,0.9365536733532769,0.9367255906162234,0.9368975710062973,0.9370925584726414,0.9373737126342473,0.9375574145976997,0.9378043775230791,0.9379939954659641,0.9381836901033846,0.938356206366038,0.9385690638219606,0.9387589911514193,0.9389086850126648,0.939052666445843,0.9391563604240283,0.939381109290724,0.9395771319851475,0.9397270869012762,0.939934795822512,0.9400964106972889,0.9402754062918423,0.9404082535275292,0.9405469167583109,0.9407434263486816,0.9409805030364123,0.9412003393706887,0.9413797556311223,0.9415881958582174,0.9417619665717256,0.9419126197463868,0.942057524029882,0.9422024729045242,0.9422604649445132,0.9424054762813489,0.9425215174910421,0.9427014378521507,0.9428581986598344,0.9430440567711413,0.943229988170347,0.9433694848410156,0.9435090227788187,0.9436544186992621,0.9437998594379986,0.9439860890155019,0.9441141644876412,0.9442248030937563,0.9443529433536281,0.9444694646834185,0.9445743584680977,0.9446676169495918,0.9447783853170244,0.9449066758838633
