0.0,0.00012790449797484544,0.0003410786612662545,0.0004689831592411,0.000682157322532509,0.0008100618205073545,0.001151140481773609,0.0015348539756981454,0.001833297804306118,0.002003837134939245,0.002302280963547218,0.002600724792155191,0.0028565337881048818,0.003069707951396291,0.003453421445320827,0.003453421445320827,0.0038371349392453636,0.0038371349392453636,0.004220848433169899,0.004604561927094436,0.004860370923044127,0.004860370923044127,0.005158814751652099,0.005755702408868045,0.006139415902792582,0.006480494564058836,0.0068642080579833726,0.007120017053933063,0.007461095715199318,0.0078021743764655725,0.008143253037731828,0.008356427201023236,0.0089106800255809,0.009337028352163717,0.010317629503304199,0.012193562140268599,0.014154764442549563,0.0173523768919207,0.0211042421658495,0.0257940737582605,0.03193348966105308,0.03896823704966958,0.04723939458537625,0.05516947345981667,0.0637817096567896,0.07388616499680238,0.08382008100618205,0.09247495203581325,0.10087401406949478,0.11025367725431677,0.11848219995736517,0.12905563845661905,0.13873374547004902,0.14896610530803667,0.15736516734171818,0.16606267320400767,0.17527179705819654,0.18367085909187805,0.19079087614581114,0.2002131741632914,0.2103176295033042,0.2180345342144532,0.22634832658281817,0.2358985290982733,0.24459603496056279,0.25329354082285227,0.25930505222767003,0.26719249626945213,0.2752931144745257,0.28202941803453424,0.28795565977403537,0.29580046898315926,0.3026220422084843,0.30944361543380944,0.316947345981667,0.32180771690471116,0.3275207844809209,0.33404391387763804,0.34120656576422936,0.34640801534853977,0.351737369430825,0.35787678533361755,0.3639735664037519,0.36900447665742914,0.3760392240460456,0.38200810061820506,0.38767853336175656,0.3930078874440418,0.39782562353442763,0.40294180345342145,0.407716904711149,0.41304625879343426,0.41748028138989557,0.42289490513749733,0.4271157535706672,0.43167768066510337,0.4362396077595395,0.4405030910253677,0.44532082711575355,0.44979748454487317,0.45363461948411854,0.45759965892133875,0.4609251758686847,0.46459177147729697,0.4687273502451503,0.4717970581965466,0.4757194628011085,0.47861863142187167,0.48138989554466,0.4848859518226391,0.4874866766147943,0.4907269238968237,0.4937539970155617,0.4966531656363249,0.49980814325303774,0.5024515028778512,0.5053506714986143,0.5077382221274781,0.5101684075890002,0.5128970368791302,0.5154551268386272,0.5178853123001492,0.5206565764229375,0.5229588573864847,0.5256022170112983,0.5277765934768706,0.5301215092730761,0.5325090599019399,0.5341291835429546,0.5360477510125773,0.5377957791515668,0.5388616499680239,0.5403965039437221,0.5418887230867618,0.5441483692176509,0.5462801108505649,0.5482413131528459,0.5503730547857599,0.552035813259433,0.5537412065657642,0.5557876785333618,0.5582178639948838,0.5600085269665317,0.5612449371136218,0.562481347260712,0.5643999147303347,0.5658494990407162,0.5672990833510978,0.5690044766574291,0.5706246002984439,0.5722447239394586,0.5740780217437647,0.5759965892133874,0.5777446173523769,0.5787252185035173,0.5801321679812407,0.5813685781283309,0.582903432104029,0.5841398422511191,0.5857599658921339,0.586996376039224,0.5879769771903646,0.5891281176721381,0.5904071626518866,0.5917288424642934,0.5927947132807504,0.5938179492645491,0.595011724578981,0.5967597527179705,0.5979108931997442,0.5989767640162013,0.6004689831592411,0.6017053933063313,0.6032828821146877,0.6043913877638031,0.6055425282455766,0.6064378597314005,0.607418460882541,0.6081006182050736,0.6090385845235557,0.6100618205073545,0.6112555958217863,0.6123214666382435,0.6133447026220422,0.6144105734384993,0.6156469835855894,0.6165423150714133,0.617395011724579,0.6184182477083777,0.6193988488595182,0.6205926241739501,0.6219143039863568,0.6229801748028139,0.6239607759539544,0.6248134726071201,0.6253677254316777,0.626177787252185,0.6273289277339587,0.6285227030483905,0.6293753997015562,0.6301854615220636
0.0,0.00012790449797484544,0.0003410786612662545,0.0005116179918993818,0.0007674269878490727,0.0009379663184822,0.0012364101470901726,0.0015348539756981454,0.0019185674696226818,0.002131741632914091,0.0024301854615220637,0.002771264122788318,0.0031549776167128546,0.0031549776167128546,0.003453421445320827,0.0037945001065870817,0.0037945001065870817,0.004092943935195054,0.004476657429119591,0.004476657429119591,0.004860370923044127,0.005244084416968663,0.005755702408868045,0.006096781070134299,0.0064378597314005545,0.0065657642293754,0.006906842890641654,0.007205286719249627,0.0073758260498827544,0.007716904711149009,0.008057983372415263,0.008697505862289491,0.00963547218077169,0.010871882327861864,0.013174163291409082,0.015604348752931145,0.0201662758473673,0.025069281603069708,0.031635045832445106,0.036793860584097206,0.04203794500106587,0.04813472607120017,0.055979535280324025,0.06433596248134726,0.07303346834363675,0.08185887870390109,0.09059901939884886,0.09980814325303773,0.11008313792368365,0.1205286719249627,0.12833084630142827,0.13775314431890856,0.14491579620549988,0.15489234704753785,0.16350458324451075,0.1725431677680665,0.18179492645491366,0.1913451289703688,0.19965892133873375,0.20660839906203368,0.21526327009166488,0.22315071413344703,0.23223193348966106,0.23930931571093583,0.24728202941803454,0.25525474312513324,0.26314218716691534,0.27043274355148156,0.27866126625452997,0.2862929013003624,0.29388190151353655,0.3003623960775954,0.30650181198038795,0.313920272862929,0.32065657642293754,0.3274781496482626,0.3348113408654871,0.34052440844169685,0.34751652099765507,0.3523768919206992,0.3580473246642507,0.3629503304199531,0.3683223193348966,0.3733958644212321,0.37812833084630143,0.38341505009592836,0.3884885951822639,0.3938605840972074,0.39829460669366873,0.40443402259646133,0.40895331485823916,0.414069494777233,0.41867405670432745,0.4238755062886378,0.4282242592197826,0.43253037731826904,0.4377318269025794,0.4415263270091665,0.44655723726284374,0.45026646770411427,0.4539756981453848,0.45755702408868043,0.4613088893626093,0.4642506928160307,0.46787465359198466,0.4716691536985717,0.47465359198465146,0.47776593476870605,0.48143253037731826,0.4845875079940311,0.4879130249413771,0.4909827328927734,0.49405244084416966,0.49754849712214877,0.5007461095715199,0.5030057557024089,0.5060328288211469,0.5090599019398849,0.5121296098912812,0.5147729695160946,0.5169899808143253,0.5196333404391388,0.5217224472393945,0.5237262843743339,0.5256874866766148,0.5279044979748454,0.530547857599659,0.5325943295672565,0.5346408015348539,0.5373267959923257,0.5400980601151141,0.542357706246003,0.5446599872095502,0.547047537838414,0.5490087401406949,0.5505435941163931,0.5523768919206992,0.5543807290556385,0.556427201023236,0.5581752291622255,0.559752717970582,0.5614581112769133,0.5634619484118525,0.5650820720528672,0.5664890215305904,0.5684075890002132,0.5700703474738862,0.5714772969516094,0.5735664037518653,0.57518652739288,0.5764229375399702,0.5774461735237689,0.5785973140055425,0.5797484544873162,0.581240673630356,0.5826049882754211,0.5837561287571946,0.5847793647409933,0.5864421232146664,0.5881048816883394,0.5894265615007461,0.5910040503091025,0.5924536346194841,0.5944574717544233,0.596077595395438,0.5977829887017694,0.5986356853549349,0.5998294606693668,0.6011511404817736,0.602430185461522,0.6043487529311448,0.6056704327435515,0.6066936687273502,0.6081006182050736,0.6092091238541889,0.6102323598379876,0.6111276913238115,0.6124920059688765,0.6135578767853336,0.6144958431038158,0.615433809422298,0.6160733319121723,0.6172244723939458,0.6182050735450864,0.6188872308676189,0.6200810061820508,0.6213600511617992,0.62208484331699,0.6228096354721808,0.6234917927947132,0.6245576636111704,0.6251971861010446,0.6266467704114261,0.6272862929013003,0.6284800682157322,0.6299296525261139,0.6306118098486464,0.6315071413344703,0.6327009166489022,0.633425708804093,0.6341078661266255
0.0,0.0002558089959496909,0.0005542528245576637,0.0008953314858239182,0.001151140481773609,0.001364314645065018,0.0014069494777233,0.0017053933063312726,0.002089106800255809,0.002515455126838627,0.0028565337881048818,0.0028565337881048818,0.0031123427840545727,0.003496056277979109,0.003879769771903645,0.003879769771903645,0.004178213600511618,0.0045619270944361546,0.0045619270944361546,0.00494564058836069,0.005158814751652099,0.005542528245576636,0.005798337241526327,0.006139415902792582,0.006523129396717118,0.006693668727350245,0.006906842890641654,0.007162651886591345,0.007418460882541036,0.007716904711149009,0.008057983372415263,0.008612236196972926,0.009507567682796845,0.01104242165849499,0.012662545299509699,0.01479428693242379,0.018972500532935407,0.023321253464080153,0.028991686207631637,0.03487529311447453,0.040801534853975696,0.04625879343423577,0.05418887230867619,0.06305691750159881,0.07043274355148156,0.0808782775527606,0.09102536772543168,0.09857173310594756,0.10931571093583457,0.11971861010445534,0.1303346834363675,0.1399701556171392,0.1455979535280324,0.1559155830313366,0.16469835855894266,0.17488808356427202,0.18367085909187805,0.19270944361543382,0.20081006182050734,0.2086975058622895,0.2176081858878704,0.2262630569175016,0.2337667874653592,0.24327435514815604,0.25056491153272226,0.25875079940311235,0.26574291195907057,0.27345981667021957,0.2822425921978256,0.28897889575783414,0.2952462161586016,0.30112982306544445,0.30718396930292047,0.31315284587507997,0.3196759752717971,0.32585802600724795,0.3314431890854828,0.3366446386697932,0.3424856107439778,0.3489661053080367,0.3549349818801961,0.3612449371136218,0.3639309315710936,0.36853549349818804,0.37390748241313154,0.37996162865060756,0.38558942656150075,0.39164357279897677,0.39594969089746324,0.40055425282455764,0.4049030057557024,0.40925175868684716,0.4132594329567256,0.41743764655723725,0.4208910680025581,0.42519718610104457,0.4289064165423151,0.43363888296738434,0.43760392240460455,0.4417821360051162,0.44561927094436155,0.4485184395651247,0.4523555745043701,0.45644851843956513,0.4590918780643786,0.4624173950117246,0.465359198465146,0.4683010019185675,0.4717970581965466,0.47465359198465146,0.47708377744617353,0.479727137070987,0.4827115753570667,0.4854402046471968,0.4884672777659348,0.4914090812193562,0.49388190151353656,0.4958857386484758,0.49831592410999787,0.5009592837348114,0.5041142613515242,0.50620336815178,0.5090599019398849,0.51166062673204,0.5141334470262204,0.516350458324451,0.5184395651247069,0.5208271157535707,0.5223619697292688,0.5247921551907909,0.5269665316563632,0.5290130036239608,0.5307610317629503,0.5326369643999147,0.5345555318695374,0.536602003837135,0.538435301641441,0.5397996162865061,0.5418034534214453,0.5439778298870177,0.5458963973566404,0.5484971221487955,0.5505862289490514,0.5518226390961416,0.553869111063739,0.5551481560434876,0.5568109145171605,0.5590279258153912,0.5612449371136218,0.5626945214240034,0.5641867405670433,0.5655510552121082,0.5668727350245151,0.5681944148369218,0.5697719036452782,0.5714772969516094,0.5734811340865487,0.574589639735664,0.576252398209337,0.5774888083564272,0.5790236623321253,0.5800895331485824,0.581240673630356,0.5828607972713707,0.5837987635898529,0.5852909827328928,0.5867832018759327,0.5881901513536559,0.5894265615007461,0.590918780643786,0.5924962694521424,0.5939884885951823,0.5951822639096142,0.596674483052654,0.5984651460243019,0.6005542528245577,0.6011937753144319,0.6022596461308889,0.6040076742698784,0.6049030057557024,0.6065231293967172,0.607716904711149,0.6088680451929226,0.6098486463440631,0.6114687699850778,0.6122788318055852,0.6128330846301429,0.6138563206139416,0.6148369217650821,0.616030697079514,0.6169260285653378,0.6175229162225538,0.6185887870390109,0.6192709443615434,0.6203794500106588,0.6211468769985078,0.6219995736516735,0.6226390961415477,0.623449157962055,0.6239181411212961,0.6245576636111704
0.0,0.00012790449797484544,0.00038371349392453635,0.0005968876572159454,0.0009379663184822,0.0012790449797484545,0.0014922191430398635,0.001620123641014709,0.001833297804306118,0.002089106800255809,0.0023449157962055,0.002600724792155191,0.0028991686207631637,0.003240247282029418,0.0036239607759539546,0.0036239607759539546,0.004050309102536773,0.004050309102536773,0.0043487529311447455,0.004689831592411,0.005030910253677254,0.005030910253677254,0.005371988914943509,0.006054146237476018,0.0064378597314005545,0.006693668727350245,0.007034747388616499,0.007247921551907909,0.007546365380515881,0.007716904711149009,0.007887444041782135,0.00822852270304839,0.008782775527606054,0.009763376678746535,0.010957151993178427,0.012790449797484544,0.015646983585589427,0.019356214026859945,0.0239181411212961,0.02933276486889789,0.0347047537838414,0.04250692816030697,0.04843316989980814,0.05700277126412279,0.06595608612236196,0.0743551481560435,0.08403325516947346,0.09349818801961202,0.10313366020038371,0.11259859305052228,0.12244723939458538,0.13259432956725645,0.14120656576422938,0.15062886378170964,0.1603922404604562,0.1706672351311021,0.18021743764655723,0.19010871882327862,0.1983798763589853,0.20848433169899808,0.21654231507141333,0.2260072479215519,0.2351311021104242,0.24306118098486462,0.25043700703474736,0.25777019825197184,0.2651033894691963,0.2715412492005969,0.278362822425922,0.28688978895757833,0.2953741206565764,0.3026220422084843,0.3118738008953315,0.3178853123001492,0.32462161586015775,0.3305904924323172,0.33660200383713496,0.34355148156043486,0.3501172457898103,0.3547218077169047,0.3604775101257728,0.3660200383713494,0.37147729695160947,0.37782988701769343,0.38200810061820506,0.3872521850351737,0.39164357279897677,0.39731400554252827,0.40196120230228094,0.4072905563845662,0.41240673630356,0.41846088254103603,0.4227670006395225,0.4269878490726924,0.4313792368364954,0.4350031976124494,0.43994883820081004,0.44493711362182903,0.44984011937753143,0.45401833297804306,0.45785546791728843,0.4616073331912172,0.46561500746109574,0.46906842890641653,0.4727350245150288,0.4764442549562993,0.4795139629076956,0.48313792368364955,0.4858239181411213,0.4886378170965679,0.492133873374547,0.49528885099125985,0.4977616712854402,0.5001065870816457,0.5026220422084843,0.5055212108292475,0.5085056491153273,0.5112769132381155,0.5135365593690044,0.5154551268386272,0.5179705819654657,0.5200596887657216,0.5221487955659774,0.5244937113621829,0.5267533574930718,0.5287571946280111,0.5312300149221915,0.5339160093796632,0.5359624813472608,0.5386058409720742,0.5406096781070134,0.5426135152419527,0.5445747175442336,0.5463227456832231,0.5482413131528459,0.5507567682796844,0.552504796418674,0.5543380942229802,0.5563845661905777,0.5581752291622255,0.5598806224685569,0.5621402685994458,0.563845661905777,0.5653805158814752,0.5670859091878064,0.5687060328288212,0.5700703474738862,0.5721168194414837,0.5733532295885738,0.5751012577275634,0.5769345555318696,0.5784694095075676,0.5800895331485824,0.5814112129609891,0.582903432104029,0.5837987635898529,0.5854188872308677,0.5868684715412492,0.5888723086761884,0.5902366233212535,0.5916009379663185,0.5936047751012578,0.5952675335749307,0.5965892133873375,0.5982093370283522,0.5997868258367086,0.6012790449797485,0.6028138989554466,0.6038371349392454,0.6050309102536773,0.6062673204007675,0.6070347473886165,0.6081006182050736,0.6092517586868471,0.6101897250053293,0.6115114048177361,0.6126199104668514,0.6140268599445747,0.6150500959283735,0.6160733319121723,0.6167128544020465,0.617395011724579,0.6186314218716692,0.6195267533574931,0.6206352590066084,0.6215305904924323,0.6227670006395225,0.6239181411212961,0.6246002984438286,0.6253677254316777,0.627073118738009,0.6283521637177574,0.629204860370923,0.6298443828607972,0.6306970795139629,0.6312086975058623,0.6318482199957365,0.6329140908121935,0.6342784054572586,0.6356853549349819,0.6367938605840973
0.0,0.0002558089959496909,0.0004689831592411,0.0007247921551907909,0.0010658708164570454,0.0014495843103815818,0.0017053933063312726,0.002131741632914091,0.0024301854615220637,0.0028138989554466,0.0028138989554466,0.003027073118738009,0.003410786612662545,0.003410786612662545,0.0037518652739288,0.004092943935195054,0.004092943935195054,0.0043487529311447455,0.004647196759752718,0.00494564058836069,0.005371988914943509,0.005371988914943509,0.005670432743551481,0.006267320400767427,0.0065657642293754,0.006906842890641654,0.007077382221274782,0.0073758260498827544,0.007546365380515881,0.00775953954380729,0.008100618205073545,0.008654871029631209,0.0089106800255809,0.009379663184822,0.010786612662545299,0.012705180132167981,0.015433809422298017,0.018205073545086336,0.021487955659774037,0.02600724792155191,0.029929652526113834,0.0356427201023236,0.042634832658281815,0.049925389042848003,0.05802600724792155,0.065657642293754,0.0743125133233852,0.0846301428266894,0.09268812619910467,0.10176934555531869,0.11012577275634193,0.11907908761458111,0.12726497548497123,0.13724152632700917,0.14623747601790663,0.15536133020677895,0.16512470688552547,0.17433383073971434,0.18256235344276273,0.19117458963973566,0.1997868258367086,0.2091664890215306,0.21684075890002133,0.22498401193775314,0.23291409081219355,0.24092943935195055,0.24830526540183329,0.2564911532722234,0.26523129396717116,0.2722234065231294,0.2795139629076956,0.2870603282882115,0.2940098060115114,0.3005329354082285,0.3074397782988702,0.31362182903432106,0.3188232786186314,0.3242805371988915,0.3305052227670006,0.3364740993391601,0.3413344702622042,0.34487316137284163,0.3510552121082925,0.3565124706885526,0.3634193135791942,0.36776806651033894,0.37267107226604135,0.37808569601364317,0.3821786399488382,0.3865700277126412,0.3910040503091025,0.3962481347260712,0.4003410786612663,0.4047751012577276,0.40972074184608825,0.41513536559369,0.4205073545086336,0.4245576636111703,0.4290769558729482,0.4338094222980175,0.43781709656789597,0.44233638882967385,0.44536346194841187,0.4501811980387977,0.45333617565551054,0.45636324877424855,0.45994457471754424,0.46275847367299083,0.4662971647836282,0.46936687273502453,0.47286292901300364,0.4761884459603496,0.47934342357706244,0.48283947985504155,0.4853549349818802,0.4880835642720102,0.491835429545939,0.49511831166062675,0.49814538477936476,0.5007887444041782,0.5033468343636751,0.5050948625026647,0.5079087614581113,0.5098699637603923,0.5127264975484971,0.515114048177361,0.5173736943082499,0.5193348966105308,0.5214240034107867,0.5234278405457259,0.5253037731826903,0.5270518013216798,0.5293967171178853,0.5316989980814325,0.5335322958857387,0.5354082285227031,0.5368151780004263,0.5384779364740994,0.5409507567682796,0.5429972287358772,0.5455979535280324,0.5472180771690471,0.5487955659774035,0.5505862289490514,0.5522916222553826,0.5539970155617139,0.5565977403538691,0.5586015774888083,0.5601790662971647,0.5615433809422298,0.5630356000852696,0.564442549562993,0.5665316563632488,0.5680238755062886,0.5696439991473033,0.5710509486250267,0.5721594542741419,0.5732679599232573,0.5747601790662972,0.5761244937113622,0.5773182690257941,0.5782988701769346,0.5790236623321253,0.5802174376465572,0.5812833084630142,0.5825623534427627,0.5834576849285866,0.5849499040716265,0.5863568535493499,0.5875932636964399,0.5887870390108719,0.5905777019825197,0.5913451289703688,0.591984651460243,0.5927520784480921,0.5942016627584736,0.5954807077382221,0.5965039437220209,0.5978682583670859,0.5986783201875933,0.6002131741632915,0.6017906629716478,0.6031976124493711,0.6046471967597528,0.6052014495843104,0.6063099552334257,0.607418460882541,0.6080579833724152,0.6090385845235557,0.6097633766787466,0.6104028991686208,0.6114687699850778,0.6121509273076103,0.6135578767853336,0.6143679386058409,0.6152206352590066,0.616030697079514,0.6169260285653378,0.6175655510552122,0.6186740567043274,0.6194414836921766
0.0,0.00021317416329140907,0.0003410786612662545,0.0005968876572159454,0.0008953314858239182,0.0012364101470901726,0.0015348539756981454,0.0018759326369644,0.002089106800255809,0.002387550628863782,0.0026433596248134727,0.002984438286079727,0.0033255169473459818,0.0033681517800042637,0.003666595608612236,0.003922404604561927,0.003922404604561927,0.004306118098486463,0.004604561927094436,0.00494564058836069,0.00494564058836069,0.005329354082285227,0.005755702408868045,0.005926241739501173,0.006267320400767427,0.0066510338946919635,0.007034747388616499,0.007205286719249627,0.007461095715199318,0.0078021743764655725,0.008143253037731828,0.008654871029631209,0.0098486463440631,0.011340865487102962,0.013088893626092517,0.01568961841824771,0.019739927520784482,0.02396077595395438,0.029673843530164144,0.035770624600298444,0.042464293327648686,0.050991259859305055,0.05828181624387124,0.06723513110211042,0.07520784480920913,0.08390535067149861,0.09413771050948624,0.10471114900874014,0.11387763803027073,0.12227670006395225,0.1317416329140908,0.13954380729055638,0.14896610530803667,0.1573225325090599,0.16665956086122363,0.17638030270731186,0.18486463440630996,0.19317842677467492,0.20183329780430612,0.20993391600937966,0.21858878703901088,0.2274568322319335,0.23598379876358985,0.24348752931144746,0.2506928160306971,0.2585802600724792,0.26663824344489445,0.27469622681730976,0.28202941803453424,0.2895757834150501,0.2970795139629077,0.30509486250266465,0.31170326156469835,0.3195480707738222,0.32573012150927305,0.3319974419100405,0.337667874653592,0.34355148156043486,0.34977616712854404,0.3549349818801961,0.3605627797910893,0.36580686420805797,0.3711788531230015,0.37829887017693453,0.38320187593263694,0.38793434235770624,0.39275207844809207,0.39829460669366873,0.40366659560861223,0.40886804519292264,0.4137284161159667,0.4183329780430612,0.4234065231293967,0.42903432104028993,0.43355361330206776,0.43764655723726287,0.44135578767853334,0.4449797484544873,0.4494990407162652,0.4537625239820934,0.4574717544233639,0.4602856533788105,0.4637817096567896,0.46693668727350246,0.4701769345555319,0.47401406949477726,0.47785120443402257,0.48143253037731826,0.48475804732466427,0.4877851204434023,0.4908974632274568,0.49452142400341076,0.4975058622894905,0.500149221914304,0.5027073118738009,0.5057343849925389,0.5085056491153273,0.5118311660626732,0.5150287785120443,0.5179279471328075,0.520571306757621,0.5235131102110424,0.5253890428480068,0.5282455766361117,0.5301641441057344,0.5316563632487743,0.5343849925389043,0.5365167341718183,0.5380089533148582,0.5400127904497974,0.5421018972500533,0.5441057343849925,0.5459390321892986,0.5481986783201875,0.5506288637817096,0.5532295885738648,0.5545512683862716,0.5568535493498188,0.5586015774888083,0.5601364314645065,0.5616712854402046,0.5636324877424856,0.5653378810488169,0.5670859091878064,0.5690471114900874,0.5707525047964187,0.5722873587721168,0.5739074824131315,0.5753997015561714,0.5770198251971861,0.5780430611809849,0.5794500106587082,0.5812833084630142,0.5822639096141548,0.5837134939245363,0.5850351737369431,0.5867405670432744,0.5881475165209976,0.5895971008313793,0.5913024941377105,0.5927947132807504,0.5937326795992326,0.5951396290769558,0.5965465785546792,0.5981240673630356,0.5995736516734171,0.6006395224898742,0.6015348539756982,0.6028565337881049,0.6043913877638031,0.6056277979108932,0.6066083990620337,0.6079300788744404,0.6092517586868471,0.6103602643359625,0.6118524834790023,0.6130888936260925,0.6147516520997655,0.6158175229162226,0.6170539330633127,0.618162438712428,0.6191430398635686,0.6199531016840759,0.6204647196759753,0.6214026859944575,0.6224685568109145,0.6233212534640802,0.6242592197825624,0.6248987422724366,0.6261351524195268,0.6272436580686421,0.6280537198891495,0.6291195907056065,0.6301854615220636,0.6309528885099126,0.6315924109997868,0.6326582818162438,0.6336815178000427,0.6343636751225752,0.6353442762737156,0.6362396077595396
0.0,0.00021317416329140907,0.00042634832658281814,0.0006395224898742272,0.0007674269878490727,0.001193775314431891,0.0014069494777233,0.0015774888083564273,0.0017480281389895545,0.002046471967597527,0.002387550628863782,0.002728629290130036,0.0031123427840545727,0.003453421445320827,0.003453421445320827,0.003879769771903645,0.0041355787678533365,0.0041355787678533365,0.004519292261777872,0.004903005755702409,0.005201449584310382,0.005201449584310382,0.005542528245576636,0.005968876572159454,0.006224685568109145,0.006480494564058836,0.006778938392666809,0.007162651886591345,0.007205286719249627,0.007418460882541036,0.0075890002131741635,0.00801534853975698,0.00822852270304839,0.008697505862289491,0.009464932850138563,0.010914517160520144,0.012492005968876571,0.015391174589639735,0.01854615220635259,0.022937539970155615,0.028309528885099126,0.034960562779791086,0.040673630356000856,0.04941377105094862,0.057471754423363886,0.06570027712641228,0.07473886164996803,0.08437433383073971,0.09383926668087827,0.1038584523555745,0.11392027286292901,0.12278831805585164,0.13323385205713068,0.14487316137284162,0.15472180771690472,0.1648262630569175,0.17386484758047324,0.18200810061820508,0.1913451289703688,0.1997441910040503,0.20733319121722446,0.21658494990407162,0.22523982093370284,0.23389469196333404,0.24246429332764868,0.24966958004689832,0.2580260072479216,0.26693668727350245,0.27354508633553615,0.28011085056491153,0.2886378170965679,0.29528885099125984,0.30283521637177574,0.31012577275634196,0.31643572798976766,0.3237262843743338,0.3304199531016841,0.3369430824984012,0.34299722873587724,0.34939245363461946,0.3549349818801961,0.3605627797910893,0.367469622681731,0.3727989767640162,0.3791089319974419,0.38371349392453635,0.38917075250479644,0.39424429759113194,0.39842251119164357,0.40264335962481346,0.40839906203368154,0.4133447026220422,0.4175655510552121,0.42242592197825624,0.42732892773395864,0.43129396717117885,0.4356427201023236,0.4405030910253677,0.44391387763803025,0.44787891707525046,0.45090599019398847,0.4548710296312087,0.45853762523982095,0.46258793434235773,0.46570027712641227,0.46983585589426563,0.4740993391600938,0.47793647409933915,0.4814751652099766,0.48518439565124705,0.4883820081006182,0.4915796205499893,0.4938392666808783,0.4962694521424003,0.4998934129183543,0.5027499467064592,0.5057343849925389,0.5085056491153273,0.5110211042421658,0.5130675762097634,0.5152419526753358,0.5179279471328075,0.5205286719249627,0.5237262843743339,0.5263696439991473,0.5283734811340866,0.5309742059262418,0.5332338520571307,0.5352376891920699,0.5375399701556172,0.5401833297804306,0.5421871669153698,0.5443615433809422,0.5460669366872735,0.5475591558303133,0.5493071839693029,0.5516947345981666,0.5538264762310808,0.5554892347047538,0.5574504370070348,0.5589852909827329,0.5604348752931144,0.5617991899381795,0.5636751225751438,0.5653805158814752,0.567469622681731,0.5692176508207205,0.5706246002984439,0.5726710722660413,0.5738648475804733,0.575357066723513,0.5764229375399702,0.5774035386911106,0.5787678533361756,0.5800895331485824,0.5813259432956726,0.5827755276060541,0.583969302920486,0.5855467917288425,0.5863568535493499,0.5880196120230228,0.5888723086761884,0.59032189298657,0.5916009379663185,0.5929652526113836,0.5947132807503731,0.595608612236197,0.5964613088893627,0.5978682583670859,0.5991473033468344,0.600596887657216,0.6020891068002558,0.6032828821146877,0.6046045619270944,0.6057983372415263,0.6069921125559582,0.6081432530377319,0.6092517586868471,0.6103176295033041,0.6119803879769772,0.6128330846301429,0.6138136857812833,0.6144532082711576,0.6154764442549563,0.616499680238755,0.6172244723939458,0.6180345342144532,0.6188872308676189,0.6199531016840759,0.6210616073331913,0.6222127478149648,0.6231933489661053,0.6243871242805372,0.6255382647623108,0.6265615007461096,0.62754210189725,0.6285227030483905,0.6294180345342144,0.6305691750159881,0.6315497761671286,0.6329140908121935
0.0,0.00021317416329140907,0.0005542528245576637,0.0008526966531656363,0.001151140481773609,0.0014069494777233,0.0017480281389895545,0.002089106800255809,0.002089106800255809,0.0024301854615220637,0.0026859944574717546,0.002984438286079727,0.002984438286079727,0.003240247282029418,0.0035813259432956727,0.00400767426987849,0.00400767426987849,0.0043487529311447455,0.004689831592411,0.004732466425069281,0.005116179918993818,0.0054998934129183545,0.005585163078234918,0.005840972074184609,0.006096781070134299,0.006523129396717118,0.00682157322532509,0.006992112555958218,0.007247921551907909,0.0075037305478576,0.007844809209123855,0.008356427201023236,0.008953314858239182,0.009806011511404818,0.010616073331912172,0.012875719462801109,0.015604348752931145,0.018674056704327435,0.02276700063952249,0.02843743338307397,0.035301641441057345,0.04237902366233213,0.04813472607120017,0.05576636111703261,0.0628437433383074,0.07218077169047112,0.08092091238541889,0.09055638456619058,0.09997868258367086,0.10940098060115114,0.12048603709230442,0.1277765934768706,0.13843530164144105,0.14858239181411212,0.1589426561500746,0.16729908335109786,0.17612449371136218,0.18524834790023448,0.19270944361543382,0.20081006182050734,0.21027499467064592,0.21752291622255382,0.22668940524408443,0.23504583244510766,0.24382860797271372,0.2523555745043701,0.26015774888083565,0.2674483052654018,0.27444041782136,0.2823278618631422,0.28889362609251756,0.29652526113835004,0.3041995310168408,0.3120443402259646,0.31737369430824985,0.3237262843743338,0.3299083351097847,0.3369857173310595,0.3438072905563846,0.34930718396930294,0.35467917288424644,0.36137284161159666,0.36806651033894694,0.37352376891920697,0.37765934768706033,0.3837561287571946,0.3892133873374547,0.3944148369217651,0.3993178426774675,0.40396503943722023,0.4089106800255809,0.414069494777233,0.41820507354508635,0.42310807930078875,0.4272010232359838,0.4318055851630782,0.4356000852696653,0.4389682370496696,0.44306118098486463,0.4462161586015775,0.44966958004689833,0.4531230014922191,0.4569601364314645,0.45985930505222766,0.46314218716691535,0.46608399062033684,0.4689405244084417,0.47303346834363674,0.47682796845022385,0.4800682157322533,0.48475804732466427,0.48829673843530164,0.4919633340439139,0.495160946493285,0.4977190364527819,0.500447665742912,0.5032615646983586,0.505137497335323,0.5076103176295033,0.5105521210829248,0.5133660200383714,0.515583031336602,0.5174163291409081,0.5193775314431891,0.5223619697292688,0.5246642506928161,0.5277765934768706,0.5297804306118098,0.5322532509059902,0.5345555318695374,0.5369430824984012,0.5386484758047325,0.5405670432743551,0.5425708804092944,0.5444041782136005,0.5461948411852483,0.5480281389895545,0.5498188019612023,0.5518226390961416,0.5543380942229802,0.5561287571946281,0.5577062460029845,0.5601364314645065,0.5617139202728629,0.563845661905777,0.5650394372202089,0.5664463866979322,0.568535493498188,0.5697719036452782,0.5716478362822426,0.5730547857599659,0.5746749094009806,0.5759113195480707,0.5774888083564272,0.5792368364954168,0.58064378597314,0.5826902579407376,0.5837134939245363,0.5849925389042848,0.5866552973779577,0.5882327861863142,0.5899808143253038,0.591089319974419,0.5920272862929014,0.5934768706032829,0.5948838200810062,0.5954380729055638,0.5968023875506289,0.5985077808569601,0.6001279044979748,0.6015348539756982,0.6030697079513962,0.6042634832658281,0.6053293540822853,0.6063952248987423,0.6081432530377319,0.6095502025154551,0.6109997868258367,0.6115966744830527,0.6125772756341932,0.6137284161159667,0.6149221914303986,0.6158175229162226,0.617096567895971,0.618162438712428,0.6188019612023022,0.6201236410147091,0.6211895118311661,0.6219995736516735,0.6230654444681305,0.6240886804519292,0.6248987422724366,0.6259646130888936,0.626774674909401,0.6280963547218077,0.6292901300362396,0.6300575570240887,0.6305691750159881,0.6312513323385206,0.6319761244937113,0.6324877424856108
0.0,0.00012790449797484544,0.00038371349392453635,0.00042634832658281814,0.0007674269878490727,0.001151140481773609,0.0014922191430398635,0.0017053933063312726,0.0019185674696226818,0.0022170112982306546,0.002472820294180345,0.002771264122788318,0.0031549776167128546,0.0031549776167128546,0.003538691110637391,0.0037945001065870817,0.0037945001065870817,0.004220848433169899,0.0045619270944361546,0.0045619270944361546,0.00494564058836069,0.0052867192496269455,0.0052867192496269455,0.00588360690684289,0.006096781070134299,0.006395224898742272,0.0065657642293754,0.006949477723299936,0.007162651886591345,0.007418460882541036,0.007844809209123855,0.008057983372415263,0.008526966531656363,0.009294393519505437,0.010402899168620763,0.01176721381368578,0.013813685781283308,0.016627584736729907,0.01995310168407589,0.02417395011724579,0.029076955872948198,0.03351097846940951,0.041441057343849924,0.04809209123854189,0.05589426561500746,0.06348326582818162,0.07201023235983799,0.07998294606693669,0.0888509912598593,0.09938179492645491,0.1085482839479855,0.11745896397356641,0.12619910466851417,0.13626092517586869,0.14402046471967597,0.15322958857386484,0.16209763376678746,0.16866339799616287,0.17855467917288426,0.18729481986783203,0.1959923257301215,0.20447665742911958,0.211042421658495,0.21952675335749308,0.22758473672990834,0.23363888296738436,0.24097207418460884,0.2509059901939885,0.25704540609678106,0.26523129396717116,0.2731187380089533,0.2798124067363036,0.2881688339373268,0.29533148582391816,0.3019825197186101,0.3094009806011511,0.31519931784267746,0.32112555958217864,0.3282455766361117,0.33374547004903005,0.3407802174376466,0.34657855467917287,0.35182263909614153,0.35770624600298445,0.36427201023235983,0.3690471114900874,0.3733958644212321,0.3786399488382008,0.38392666808782777,0.3890002131741633,0.3931784267746749,0.3980814325303773,0.40247282029418036,0.40613941590279257,0.41074397782988703,0.4155190790876146,0.4202089106800256,0.4246429332764869,0.4293327648688979,0.43355361330206776,0.43722020891068003,0.4405883606906843,0.443871242805372,0.44732466425069284,0.4503943722020891,0.45384779364740996,0.4585802600724792,0.4616499680238755,0.4654444681304626,0.46898315924109996,0.4716691536985717,0.4748241313152846,0.4773395864421232,0.47955659774035386,0.4827115753570667,0.48569601364314646,0.4888936260925176,0.4914517160520145,0.4936260925175869,0.4962694521424003,0.49904071626518864,0.501215092730761,0.5027073118738009,0.505435941163931,0.5082924749520358,0.5109784694095075,0.5132807503730548,0.5155403965039437,0.5180132167981241,0.5198038797697719,0.5215945427414197,0.5235131102110424,0.5254743125133234,0.5280750373054786,0.5303346834363675,0.5321253464080153,0.5341291835429546,0.5358772116819441,0.5374547004903005,0.5390748241313152,0.541291835429546,0.5426987849072692,0.5451716052014496,0.5462801108505649,0.548411852483479,0.5496908974632274,0.5510978469409508,0.5525900660839906,0.5546365380515882,0.5557450437007034,0.5572372628437433,0.5586015774888083,0.5600511617991899,0.5614581112769133,0.5631208697505863,0.5653378810488169,0.567469622681731,0.5690044766574291,0.5709656789597101,0.5721594542741419,0.5739074824131315,0.5753997015561714,0.5777446173523769,0.5791515668301002,0.5802174376465572,0.5818375612875719,0.5833297804306118,0.5846514602430185,0.585930505222767,0.5871242805371989,0.5885312300149222,0.5894265615007461,0.5914730334683437,0.5928799829460669,0.593945853762524,0.5949264549136645,0.5963334043913877,0.5973566403751865,0.5987209550202516,0.5999573651673418,0.601961202302281,0.6036239607759539,0.6049456405883606,0.6059262417395012,0.606821573225325,0.6076742698784907,0.6086975058622895,0.6096354721807717,0.6103176295033041,0.6109997868258367,0.611809848646344,0.612705180132168,0.6138136857812833,0.6147516520997655,0.6159027925815391,0.6170539330633127,0.6183329780430612,0.6191856746962268,0.620422084843317,0.621317416329141,0.622383287145598
0.0,0.00017053933063312726,0.00042634832658281814,0.0006395224898742272,0.0008953314858239182,0.0012364101470901726,0.0015774888083564273,0.0019612023022809637,0.0022170112982306546,0.002472820294180345,0.0028138989554466,0.003197612449371136,0.003496056277979109,0.003879769771903645,0.003922404604561927,0.004306118098486463,0.004604561927094436,0.004604561927094436,0.004988275421018973,0.005371988914943509,0.005371988914943509,0.005755702408868045,0.006054146237476018,0.006139415902792582,0.006395224898742272,0.006778938392666809,0.006992112555958218,0.007247921551907909,0.007418460882541036,0.007674269878490727,0.0079727137070987,0.008271157535706673,0.008484331698998081,0.008825410360264336,0.00963547218077169,0.010402899168620763,0.011468769985077808,0.012747814964826264,0.015391174589639735,0.018674056704327435,0.023235983798763588,0.027584736729908334,0.033169899808143256,0.03935195054359412,0.04506501811980388,0.05282455766361117,0.06058409720741846,0.06795992325730121,0.07614581112769132,0.08514176081858879,0.09584310381581752,0.10500959283734812,0.11507141334470262,0.1244937113621829,0.13263696439991474,0.14274141973992752,0.15246216158601578,0.16103176295033042,0.1706672351311021,0.1798337241526327,0.18934129183542955,0.198337241526327,0.20626732040076742,0.21556171392027287,0.22404604561927094,0.2319334896610531,0.23994883820081006,0.24745256874866767,0.25589426561500744,0.26437859731400554,0.2727350245150288,0.2810488168833937,0.28795565977403537,0.2940098060115114,0.3007461095715199,0.3070560648049456,0.31498614367938604,0.321637177574078,0.32867192496269454,0.3348539756981454,0.34005542528245575,0.3462801108505649,0.351438925602217,0.3559155830313366,0.3603922404604562,0.36550842037945,0.3711362182903432,0.37787252185035175,0.3826476231080793,0.3880196120230228,0.3931784267746749,0.3976124493711362,0.401364314645065,0.40643785973140056,0.4112555958217864,0.4164144105734385,0.42140268599445746,0.42536772543167767,0.4303986356853549,0.43368151780004266,0.43790236623321255,0.4415263270091665,0.44536346194841187,0.44911532722234065,0.4525261138350032,0.4557663611170326,0.4591345128970369,0.46267320400767425,0.46642506928160304,0.47043274355148157,0.47380089533148584,0.47691323811554037,0.4799829460669367,0.4825410360264336,0.4853549349818802,0.4882541036026434,0.4909827328927734,0.4935408228522703,0.4961841824770838,0.49887017693455554,0.501513536559369,0.5036452781922831,0.5058196546578555,0.5079513962907696,0.5107652952462162,0.5140055425282456,0.5162225538264762,0.5178426774674909,0.5200596887657216,0.5217224472393945,0.5237689192069921,0.5252185035173736,0.5276486889788957,0.529652526113835,0.5311873800895331,0.5331059475591559,0.5350671498614368,0.5371136218290343,0.5390748241313152,0.5414197399275208,0.5427840545725858,0.5442762737156257,0.5460243018546153,0.5475591558303133,0.5487955659774035,0.5507141334470262,0.5529311447452568,0.5545086335536134,0.5561713920272863,0.5578341505009593,0.5591131954807077,0.5603922404604562,0.5618418247708378,0.5639309315710935,0.5652952462161586,0.5671285440204648,0.568535493498188,0.5699424429759113,0.5712214879556597,0.5727989767640163,0.5742059262417395,0.5753144318908548,0.5763803027073119,0.5771477296951609,0.578810488168834,0.5802600724792155,0.5813685781283309,0.582903432104029,0.5840972074184608,0.5854188872308677,0.5863994883820081,0.5874227243658069,0.5888723086761884,0.590620336815178,0.5922404604561927,0.5935621402685994,0.5950969942442976,0.596376039224046,0.5974845448731614,0.5985504156896184,0.5996162865060755,0.6000426348326583,0.6011085056491153,0.601961202302281,0.6032828821146877,0.6044340225964613,0.6057983372415263,0.6071626518865914,0.6081858878703901,0.6092091238541889,0.6102749946706459,0.611340865487103,0.612705180132168,0.6136431464506502,0.6144532082711576,0.6153911745896398,0.6162438712428053,0.6170112982306545,0.617693455553187,0.6185035173736944,0.6194414836921766
