0.0,0.20056802272090885,0.20057805202468224,0.20062419974391804,0.20066033016508253,0.20068643245244505,0.20070249877412963,0.20071655891595444,0.20074468511030147,0.2007667897934873,0.20079291978695288,0.20081905658299207,0.20084318889634384,0.2008874465378567,0.20090757009626653,0.20092769768676677,0.20096393751440395,0.20097400645329377,0.20101026298909558,0.20106668805389583,0.20112919562361484,0.20119174207010013,0.20130078689577646,0.20145648134197178,0.20164484928917575,0.20186200996426953,0.20215296536709268,0.20247950571417034,0.20307200064801595,0.2033293456882743,0.20392475851550584,0.20466559177092475,0.20532560734651256,0.20630985567773857,0.20732930170052205,0.20836969621410464,0.20928727955754983,0.2104975912845433,0.21151432699507494,0.21286577017374414,0.2143444944372602,0.21543815927986765,0.21687085716757318,0.21839643701066067,0.21998223119193602,0.22154226822344222,0.2225082098162776,0.2246893940242659,0.2266342731227753,0.22783142110644097,0.2297365406643757,0.23193366715622218,0.23318218811766073,0.2353631488153216,0.23736596681421165,0.23877611762604917,0.24146109485799594,0.24338919699525502,0.24536034548145974,0.24726304369267185,0.24925742266631867,0.2513976284188623,0.2534499317595916,0.255217347042655,0.25732944995445156,0.2596615699322881,0.2615272272063426,0.26320555387865985,0.2653155715476301,0.2672494203555153,0.26915024961082185
0.0,0.20056802272090885,0.20057805202468224,0.20061215916138195,0.200640256102441,0.20065832257806326,0.2006824162739271,0.2007085243079879,0.20073463913604836,0.20075674160677465,0.2007848790645523,0.20080498207813532,0.20082911100875173,0.20084922288094856,0.20087738627030707,0.2009115952917606,0.20093574985222365,0.2009438026630865,0.20097400645329377,0.201020336570747,0.20105660982627088,0.20111306091752318,0.20118972383560543,0.2012745245621958,0.20144636400160706,0.20159012554151715,0.20183356982559952,0.20219576372856407,0.20245702229894108,0.20291585305395643,0.20359767734600234,0.204173877634124,0.20474498754542855,0.20562031597617364,0.2064797751536553,0.207245747824829,0.20822042960517437,0.20959566930368173,0.21040925733589316,0.2113538406415647,0.21287932663220574,0.21441553165558383,0.21572550285038183,0.21714322834901423,0.21849160611375595,0.21990504698310362,0.2214175314638993,0.2229807104341542,0.22441032985722598,0.22618698545167476,0.2281424183824366,0.22978128616110813,0.23142517568050955,0.23303588027514407,0.23482852693573125,0.23630601015635125,0.23894395730080062,0.2402693086387215,0.24173757924933106,0.24463608309039678,0.24688865636732935,0.24826391037940213,0.2505183741787204,0.25303743329001654,0.25499669429893707,0.2573393553685075,0.2600791026389159,0.2622590684415618,0.2642842083069787,0.2660511514379709,0.26831846094157624
0.0,0.2005760460836867,0.2005760460836867,0.20062620664819392,0.20065430752453653,0.2006723765308573,0.20070651575650225,0.2007245941672171,0.2007306210278737,0.20075272261370916,0.200776838986105,0.20079291978695288,0.20081704581864787,0.20084721151246282,0.20086933878172386,0.20090153260542923,0.20093574985222365,0.20095789663533797,0.20098206233089488,0.20101026298909558,0.20106668805389583,0.20112717864377544,0.20117963327047306,0.2012886649671812,0.20144231734999296,0.20159823088907874,0.20177671358290492,0.20208981993692252,0.20257562749356092,0.2029528136732071,0.20350058343057176,0.2040949240851549,0.20457999693986842,0.20534452749052934,0.20635018622548718,0.20723504065964723,0.20804331815399935,0.20903424843140933,0.21038277160629806,0.21145857495308185,0.21222831262830416,0.2139649010508348,0.21544973090268452,0.21705392798779233,0.2181731156243541,0.2198062338345535,0.2219983839367743,0.22360719342646584,0.225067612303756,0.2267008782737456,0.228287841191067,0.2299472598027975,0.23188271747676087,0.2337283967882157,0.23557601954519827,0.23734068612948653,0.23933174224343676,0.24200593672321838,0.24387752620443104,0.24541739066591617,0.24765997382134303,0.24932559267040438,0.251114338658787,0.253680748798381,0.25581306360888256,0.25777263672000517,0.25982976849032896,0.26219735397165717,0.26412410777780704,0.26603703507189475,0.268217987295219
0.0,0.20057203432205933,0.20058206402704298,0.20062419974391804,0.20064226332796448,0.20066434545963902,0.2006904487917146,0.20072057646116895,0.20074066659993994,0.2007687995515336,0.2007888993452536,0.200811013767209,0.2008391664413535,0.20085928032768827,0.20088342230991896,0.200913607949992,0.20092769768676677,0.2009518561194329,0.20098407640120655,0.20101429230059936,0.20106064099608023,0.2011110442612759,0.20118568748808796,0.2013230142239086,0.20144434065547753,0.2016205239560086,0.2019270461021113,0.20222226703502794,0.2026063238710981,0.2031481068816725,0.20365349661355997,0.20421545667447308,0.20490187063883694,0.20556552042228257,0.20655420297019506,0.20752452299159804,0.20830909846281678,0.209792989466417,0.21057052264662032,0.21159242926170532,0.2131644116615473,0.21431013848521116,0.21555856494916276,0.21713617564904836,0.2184202215131285,0.22007878767927488,0.22133689426461986,0.22330842973734313,0.22512319141532625,0.22683164061616412,0.22856100924227057,0.23041749959789526,0.23214306383471267,0.2338946680972151,0.23577818793129798,0.23822306687255018,0.23958333333333334,0.24147853831798205,0.2434039661156824,0.24559770762410912,0.24753770580829898,0.24929770043505284,0.25110176282051283,0.2533122829175876,0.2549675188466966,0.25732944995445156,0.26006898519152466,0.26157497978454236,0.2634095087995797,0.2654946916946864,0.2670821514655161
0.0,0.2005660169805094,0.2005740401828128,0.20061015253813452,0.20062219287979274,0.2006462778994968,0.20067840025615113,0.20070450724521655,0.20072660308055687,0.20074267583500985,0.20075875116365202,0.2007868891847788,0.2008069926008991,0.20083112201471987,0.20086933878172386,0.2008874465378567,0.2009115952917606,0.2009478293105694,0.20096393751440395,0.20099817602373174,0.20104854797157093,0.20111507761421524,0.20118366937506268,0.20127654449841437,0.2014261323691875,0.20160431032749643,0.2018254455435581,0.20217130530326705,0.20242024202420242,0.20286043735965853,0.2033953309129262,0.20389573421170346,0.20461130381554785,0.20525206214053257,0.20607243770870795,0.20688018979833928,0.20780404915349068,0.2089188429046136,0.21009626968081205,0.21128481732754625,0.21237438715757595,0.21389644323574894,0.2154566744730679,0.21637483682342407,0.21809008068550054,0.21962811274885566,0.22131979695431472,0.22285187284020577,0.2245937804454697,0.22664195633503595,0.22769691878022752,0.2298128817132839,0.23179963709071577,0.23322286179429036,0.23512309495896835,0.23735192132451272,0.23904648390941596,0.24153088382287413,0.24364051604752301,0.24565486324608357,0.2470285383487911,0.24954274551766184,0.25137242122678166,0.2538123742391071,0.25587507335867926,0.2576964588579945,0.25984996696163665,0.26194394378705954,0.2640267502172139,0.2659523683233438,0.26805666933974875
0.0,0.2005640112802256,0.20056802272090885,0.20061215916138195,0.2006322276019367,0.200648285245508,0.20067639230753836,0.20069245702163427,0.20072057646116895,0.20073865740509053,0.2007667897934873,0.20079090954597786,0.200811013767209,0.20084117764870818,0.2008633035884185,0.20088141025641026,0.20090354506205613,0.2009196461666383,0.20093373675035567,0.20096796496888683,0.20100824839391843,0.20105257881810434,0.20111911112893846,0.20120788940388049,0.2012947257489838,0.2014585049319967,0.20158809930646296,0.2019839871091193,0.20242637114192857,0.2026247461634051,0.2031193032205793,0.20380456873424924,0.20443819251195172,0.20523525920468266,0.206051266245441,0.20722861689157074,0.20802173980687252,0.20922178176507406,0.21032099749368177,0.2114764124085282,0.21271225089354842,0.21386223075282576,0.21541270608452823,0.2165220019864404,0.21822534138512595,0.21911702046301254,0.22071090568944646,0.22241444318761505,0.22413947250782298,0.22540149923015543,0.22760131186236793,0.22944480671769,0.23092954438162788,0.23304941958423872,0.23466367135853605,0.23613073372892532,0.23848650962578927,0.24076252671004297,0.24217542503863987,0.2441952490533416,0.24649722235878274,0.2486363185559853,0.25040889965415203,0.2527854802117469,0.25470847461932156,0.25640828954601824,0.2586936332679806,0.26078589446857203,0.26263684458645437,0.2654138820882684,0.26692219649178844
0.0,0.20056802272090885,0.20057002850142508,0.20062018605581675,0.20064226332796448,0.20065430752453653,0.2006824162739271,0.20071655891595444,0.20074468511030147,0.2007667897934873,0.20079493006817978,0.20081704581864787,0.2008391664413535,0.2008673270103258,0.20088945871228817,0.20092971066762844,0.20094984269482796,0.20097199258479884,0.2010042193247076,0.20103645640167198,0.2010928961748634,0.2011433156152843,0.20120385232744784,0.20134120387101956,0.20147064732591313,0.20161241681577835,0.20184372609798318,0.2021488902775818,0.20261451114298992,0.20305144118331933,0.20361834758066152,0.20432572307629615,0.20503593444902216,0.20574476815757078,0.20672665615304534,0.20741721306389227,0.20819233084892147,0.20949277178908665,0.21042471042471042,0.21150317423491447,0.2129335697374428,0.21397859787259013,0.21503393410457922,0.2172302493338821,0.21856541923672107,0.21937826781299907,0.2217014503006721,0.22315189817081313,0.2244078189162275,0.22642446684805312,0.22796608242969835,0.22952620737010757,0.2312730627306273,0.23286541967095103,0.23442504149426094,0.23663221482844873,0.23868518452402204,0.24037873793971354,0.2422778173735519,0.24452572543282125,0.24587772315462983,0.24803977342996364,0.2500467528581581,0.25205162684897764,0.2539248455383369,0.25553276338756736,0.2578554898431473,0.2600892208735346,0.26159203850317597,0.26409628400621527,0.26634086744043983
0.0,0.20056802272090885,0.20057002850142508,0.20061015253813452,0.20063022057720203,0.20064427059364934,0.20067036870278654,0.20070249877412963,0.20072660308055687,0.20074870378155465,0.20078085894483932,0.20080498207813532,0.20082106738760389,0.20084721151246282,0.20087336244541484,0.20089750781312604,0.20092367184604135,0.2009619238476954,0.20098407640120655,0.20100623383912286,0.20106668805389583,0.2011392811296534,0.201193760345087,0.2013028073591553,0.20150100971537077,0.20168337640658468,0.20189452279567943,0.2022304232964285,0.20261860502707507,0.203028830579851,0.20364936080338739,0.20439652273167352,0.20484954956795293,0.2057806552230077,0.2069058009140334,0.20762334623905257,0.20835887260147315,0.20991155999790675,0.21105580519220854,0.21194796411172287,0.21313043293447537,0.21445680068434558,0.21565127631663836,0.21732675949504254,0.21848208547120276,0.22030844940463112,0.22179216384486936,0.22314693250851153,0.22460635653011402,0.22641935447453684,0.22812425355733248,0.23048634733842052,0.23237168346657397,0.23380196311580517,0.23606403013182675,0.23790375194239827,0.23976377482097813,0.24161526599845798,0.2437471135849882,0.24601947940433258,0.24753465065475236,0.25016215137454473,0.2522323112910934,0.25384449872799303,0.25651651190750263,0.25827055566286783,0.2602748614661874,0.26317101654660213,0.26496505621391675,0.2671034932811272,0.2689084643953716
0.0,0.20056802272090885,0.2005740401828128,0.20062219287979274,0.20065029263168427,0.2006663531671786,0.20070249877412963,0.20073263006185318,0.20075875116365202,0.20078286898457287,0.20080498207813532,0.20082106738760389,0.2008331330609629,0.20084721151246282,0.20087537433771022,0.20090354506205613,0.20092971066762844,0.20095588308968668,0.20097602036214965,0.20100623383912286,0.20104048676336445,0.20110096158666813,0.20122605825281684,0.2013129102844639,0.20144636400160706,0.20165701415701415,0.20184372609798318,0.20209796551758885,0.20265955296875632,0.20299800605269283,0.2032531036230048,0.20414686033610538,0.20472826752684659,0.20520586068592944,0.2061380969021728,0.20690793545991004,0.20804547623493289,0.20919995827683321,0.20980615735461802,0.21132266323874951,0.21244862505826023,0.21354571492456265,0.21548676845057105,0.21688961944825946,0.21825858898042247,0.2198062338345535,0.2212856102566366,0.22261688052213294,0.2242046191338565,0.225710973811855,0.22699851731124013,0.22927431524075176,0.23102796848361978,0.2328410885111916,0.23476805300307857,0.23654011723218812,0.23875622008999786,0.24028945918098388,0.2425473763136572,0.2445674706728776,0.24658511096084096,0.24875967453859893,0.2508567854909318,0.25317158762418107,0.2548444071716286,0.2569042373315571,0.25903443287784467,0.26123427201917315,0.26317101654660213,0.26522084104734195,0.2675381844860935
0.0,0.2005640112802256,0.2005760460836867,0.20062018605581675,0.20063824891707766,0.20065832257806326,0.20068643245244505,0.20071856766845808,0.20074267583500985,0.2007667897934873,0.2007969403896598,0.20082710004305726,0.20084520018426166,0.2008713505934198,0.20090153260542923,0.20092367184604135,0.20094581596665598,0.20097602036214965,0.20100824839391843,0.20104048676336445,0.20108079927010958,0.2011433156152843,0.20124019184844774,0.20134928921371778,0.20151315723371546,0.20173003419835042,0.20196568114073954,0.2023263086747304,0.20265136205642229,0.2031049044527935,0.20359354380265962,0.20416140722342116,0.20485582668559696,0.20547706619402298,0.20631197794510966,0.2073528803606137,0.20807785282247607,0.20958690813330128,0.21040704993705414,0.21152548093148835,0.21273030049109556,0.21376877244966477,0.21540345186824045,0.21673961203868805,0.21788632018077525,0.219493510188894,0.22106609056038093,0.2223454025409636,0.2237269228624017,0.2257440007203638,0.22706790752439826,0.2291381043780276,0.23101732399557684,0.23235014713037838,0.23489728514206742,0.23630322595847963,0.23817497357701853,0.24101424022111398,0.2423627223511214,0.24418632965641512,0.24632163297388912,0.2486363185559853,0.2504620610420101,0.25228942336721344,0.25454683910598924,0.2565657340957644,0.25786212039394174,0.2603255367202305,0.26241348179356005,0.26434690918676684,0.26635147877129844
