50.0,76.0,107.0,173.0,231.0,289.0,342.0,381.0,426.0,474.0,525.0,570.0,618.0,668.0,717.0,758.0,799.0,846.0,892.0,935.0,983.0,1029.0,1070.0,1120.0,1161.0,1202.0,1240.0,1287.0,1330.0,1370.0,1413.0,1463.0,1507.0,1548.0,1597.0,1639.0,1685.0,1731.0,1780.0,1826.0,1869.0,1913.0,1954.0,1991.0,2040.0,2081.0,2119.0,2171.0,2208.0,2247.0,2291.0,2337.0,2379.0,2424.0,2468.0,2514.0,2555.0,2599.0,2645.0,2687.0,2733.0,2772.0,2817.0,2858.0,2897.0,2940.0,2985.0,3027.0,3069.0,3113.0,3150.0
50.0,76.0,102.0,169.0,235.0,291.0,343.0,388.0,435.0,484.0,538.0,590.0,636.0,685.0,732.0,782.0,827.0,877.0,922.0,967.0,1015.0,1058.0,1108.0,1152.0,1202.0,1248.0,1290.0,1337.0,1372.0,1417.0,1463.0,1509.0,1552.0,1588.0,1633.0,1675.0,1719.0,1760.0,1807.0,1847.0,1888.0,1928.0,1973.0,2020.0,2057.0,2106.0,2146.0,2186.0,2232.0,2279.0,2329.0,2364.0,2411.0,2452.0,2494.0,2537.0,2583.0,2633.0,2672.0,2723.0,2767.0,2803.0,2848.0,2895.0,2933.0,2977.0,3020.0,3063.0,3104.0,3149.0,3189.0
50.0,75.0,104.0,169.0,224.0,280.0,327.0,372.0,419.0,468.0,517.0,560.0,600.0,650.0,701.0,742.0,790.0,836.0,874.0,919.0,962.0,1007.0,1056.0,1098.0,1142.0,1184.0,1230.0,1271.0,1310.0,1355.0,1402.0,1441.0,1483.0,1525.0,1571.0,1616.0,1660.0,1701.0,1745.0,1788.0,1832.0,1878.0,1916.0,1958.0,2001.0,2043.0,2086.0,2127.0,2180.0,2222.0,2262.0,2305.0,2347.0,2390.0,2432.0,2472.0,2514.0,2554.0,2598.0,2644.0,2680.0,2721.0,2761.0,2800.0,2848.0,2889.0,2926.0,2973.0,3017.0,3056.0,3094.0
50.0,74.0,97.0,164.0,218.0,275.0,331.0,373.0,417.0,470.0,508.0,558.0,605.0,652.0,703.0,746.0,788.0,834.0,878.0,923.0,975.0,1017.0,1061.0,1101.0,1145.0,1188.0,1238.0,1281.0,1326.0,1370.0,1414.0,1455.0,1497.0,1541.0,1583.0,1630.0,1672.0,1713.0,1758.0,1796.0,1839.0,1881.0,1917.0,1961.0,2005.0,2051.0,2091.0,2135.0,2174.0,2213.0,2260.0,2301.0,2344.0,2385.0,2423.0,2468.0,2509.0,2553.0,2595.0,2634.0,2676.0,2714.0,2756.0,2795.0,2838.0,2878.0,2926.0,2964.0,3006.0,3046.0,3090.0
50.0,75.0,108.0,173.0,230.0,282.0,334.0,379.0,421.0,473.0,521.0,565.0,612.0,650.0,694.0,742.0,792.0,839.0,879.0,925.0,971.0,1013.0,1058.0,1101.0,1143.0,1191.0,1233.0,1277.0,1325.0,1363.0,1415.0,1457.0,1496.0,1547.0,1587.0,1630.0,1672.0,1717.0,1757.0,1798.0,1842.0,1883.0,1925.0,1966.0,2009.0,2055.0,2099.0,2140.0,2185.0,2221.0,2267.0,2310.0,2347.0,2388.0,2427.0,2476.0,2520.0,2561.0,2610.0,2652.0,2692.0,2741.0,2777.0,2817.0,2863.0,2906.0,2944.0,2986.0,3025.0,3067.0,3105.0
50.0,79.0,108.0,171.0,224.0,288.0,340.0,382.0,433.0,480.0,534.0,575.0,619.0,669.0,714.0,758.0,802.0,842.0,893.0,942.0,982.0,1028.0,1081.0,1127.0,1163.0,1208.0,1254.0,1302.0,1342.0,1392.0,1435.0,1481.0,1521.0,1570.0,1612.0,1654.0,1697.0,1740.0,1787.0,1827.0,1872.0,1918.0,1961.0,2000.0,2044.0,2091.0,2132.0,2173.0,2218.0,2265.0,2306.0,2342.0,2392.0,2433.0,2465.0,2514.0,2560.0,2594.0,2637.0,2682.0,2721.0,2762.0,2807.0,2843.0,2888.0,2925.0,2967.0,3012.0,3053.0,3090.0,3138.0
50.0,75.0,104.0,171.0,226.0,282.0,330.0,374.0,423.0,469.0,513.0,564.0,611.0,661.0,707.0,749.0,794.0,843.0,884.0,927.0,969.0,1013.0,1055.0,1101.0,1150.0,1193.0,1236.0,1278.0,1322.0,1365.0,1409.0,1459.0,1502.0,1544.0,1591.0,1636.0,1682.0,1714.0,1759.0,1811.0,1847.0,1892.0,1936.0,1976.0,2021.0,2061.0,2107.0,2153.0,2192.0,2236.0,2284.0,2328.0,2372.0,2414.0,2456.0,2499.0,2539.0,2580.0,2621.0,2662.0,2708.0,2753.0,2789.0,2837.0,2881.0,2918.0,2963.0,3009.0,3050.0,3088.0,3135.0
50.0,71.0,100.0,165.0,226.0,287.0,335.0,373.0,421.0,472.0,519.0,570.0,617.0,662.0,713.0,760.0,806.0,849.0,893.0,940.0,985.0,1026.0,1068.0,1115.0,1158.0,1203.0,1246.0,1286.0,1334.0,1376.0,1415.0,1463.0,1504.0,1543.0,1593.0,1628.0,1672.0,1717.0,1761.0,1805.0,1852.0,1892.0,1941.0,1982.0,2021.0,2064.0,2107.0,2148.0,2190.0,2240.0,2279.0,2323.0,2365.0,2405.0,2450.0,2494.0,2534.0,2573.0,2619.0,2660.0,2700.0,2747.0,2786.0,2819.0,2867.0,2909.0,2947.0,2994.0,3040.0,3078.0,3117.0
50.0,76.0,103.0,164.0,225.0,281.0,328.0,376.0,425.0,468.0,508.0,554.0,603.0,649.0,698.0,743.0,789.0,834.0,882.0,926.0,968.0,1019.0,1063.0,1106.0,1153.0,1202.0,1248.0,1294.0,1344.0,1378.0,1430.0,1477.0,1525.0,1563.0,1607.0,1654.0,1698.0,1743.0,1787.0,1825.0,1866.0,1912.0,1955.0,1994.0,2039.0,2082.0,2124.0,2169.0,2208.0,2255.0,2297.0,2341.0,2383.0,2431.0,2473.0,2521.0,2558.0,2605.0,2647.0,2691.0,2730.0,2775.0,2817.0,2862.0,2905.0,2942.0,2988.0,3025.0,3063.0,3109.0,3153.0
50.0,74.0,102.0,170.0,231.0,280.0,321.0,375.0,429.0,473.0,517.0,570.0,612.0,658.0,707.0,751.0,796.0,834.0,881.0,926.0,971.0,1012.0,1054.0,1102.0,1148.0,1190.0,1236.0,1276.0,1318.0,1363.0,1405.0,1452.0,1496.0,1536.0,1577.0,1625.0,1666.0,1705.0,1755.0,1797.0,1834.0,1879.0,1923.0,1965.0,2009.0,2048.0,2092.0,2133.0,2173.0,2216.0,2257.0,2298.0,2338.0,2382.0,2430.0,2470.0,2512.0,2551.0,2599.0,2645.0,2688.0,2730.0,2774.0,2814.0,2861.0,2895.0,2941.0,2988.0,3034.0,3078.0,3119.0
