0.010000000000000002,0.010000000000000002,0.010000000000000002,0.010000000000000002,0.010000000000000002,0.010000000000000002,0.010000000000000002,0.010054149913416712,0.010838473768170234,0.01058620123831511,0.012669986589675289,0.010291640560050611,0.011258632210681983,0.013111842996599284,0.015378805629625444,0.017536398377715597,0.01947888689067459,0.025731717974430256,0.026681039497974058,0.024794106975806897,0.03252161828913468,0.049604026669011834,0.06582427086809337,0.08143285782954406,0.07589251008040696,0.06740373598421452,0.04646382300994673,0.050778133172281005,0.06466222749349794,0.06714378579576726,0.04656939478747165
0.010000000000000002,0.010000000000000002,0.010000000000000002,0.010000000000000002,0.011498954475659993,0.011940823002416653,0.010859225411021429,0.014183951688292305,0.015225711835793184,0.017318038903592684,0.019072355667308787,0.02032096801289671,0.02668658465206982,0.03055951638729902,0.02237471292248898,0.019054253674666056,0.015007398884882315,0.014583940764390964,0.0145465318355044,0.016137429164086958,0.015549639115101602,0.016971202998400988,0.019733989780687983,0.022845298094962455,0.02142132780269593,0.025711427555547527,0.03370938648275901,0.032495863285883574,0.019981474846621914,0.015248409452056948,0.01553339889127955
0.010000000000000002,0.010000000000000002,0.010000000000000002,0.010000000000000002,0.010380280903050244,0.013255706265292076,0.01940022881417869,0.025688007517097156,0.02155009384594719,0.021479028172577103,0.020318431905409676,0.025177080487542858,0.02330901639809991,0.02918511400587777,0.0394335323390899,0.061505171341839054,0.05556819037812794,0.054036418527271396,0.03029800072109353,0.028340895181860448,0.02958899987269172,0.04340435096291019,0.04496950004356931,0.04754136059755359,0.05313254946929105,0.08011172636294518,0.07836376741631775,0.09023761777185264,0.10090102278440378,0.094868090135243,0.09616859195403163
0.010000000000000002,0.010000000000000002,0.010000000000000002,0.010000000000000002,0.010000000000000002,0.010645998475824703,0.010719761328439121,0.01070714640783868,0.010281354748792916,0.011116366298668506,0.011644078496668476,0.0147801613216469,0.01837519334359144,0.021559060505052973,0.015249542933468623,0.020717327064598477,0.026583761874297132,0.02626113980474443,0.027871997846822618,0.02583621568807634,0.017882393501893575,0.01996758891589495,0.023125783933075152,0.019661523855435285,0.01681526872457846,0.014744767440926582,0.01876218539278249,0.018330659925353345,0.026845359495646703,0.03363181026737619,0.040501801157158235
0.010000000000000002,0.010000000000000002,0.010000000000000002,0.010419328507161766,0.009720257380611694,0.010945988455540921,0.012476367440533619,0.010929904710348534,0.012215505906457265,0.011030597506166175,0.012646593072349228,0.012812647207578319,0.015770344145006384,0.016278257307513682,0.01282422232664775,0.012908000231691693,0.013436890501285617,0.01681864350304154,0.0214789523978227,0.017620695286127613,0.018398398271200045,0.017443984891774574,0.018623195555385184,0.024038506189494664,0.02997468061792259,0.03929955592481204,0.03842479826350015,0.05071839659032681,0.04438406446423219,0.024375166229464746,0.02530985843215297
0.010000000000000002,0.010000000000000002,0.010000000000000002,0.010000000000000002,0.010000000000000002,0.009607280477253954,0.010000000000000002,0.010000000000000002,0.010000000000000002,0.010000000000000002,0.010000000000000002,0.010000000000000002,0.011352440258252598,0.0147398785962378,0.017848015692380557,0.021158557082918195,0.01858417499658745,0.018326116022357026,0.025704458230277043,0.032959850173157085,0.04978327341557444,0.06468975066495214,0.0715780202084285,0.06562904289694221,0.06985112501118379,0.06917662667427737,0.10371551845484674,0.11482030691465836,0.13687583895553682,0.14065421862765354,0.08774299498812096
0.010000000000000002,0.010000000000000002,0.010000000000000002,0.010000000000000002,0.010000000000000002,0.010000000000000002,0.010000000000000002,0.010000000000000002,0.010080887887720356,0.010000000000000002,0.011447864663196018,0.015708769039540965,0.018694365231458142,0.019413963872925048,0.025177335270109444,0.03227727607970217,0.027162134877146034,0.016479932219360324,0.016190640918640167,0.017208452075689353,0.014068820899891827,0.014888967214823069,0.012919323589483646,0.012627134447819547,0.01650813058396195,0.020486195123184222,0.02167558665929281,0.01300454180682811,0.013243867649288147,0.015553281017578819,0.015971833544501327
0.010000000000000002,0.010000000000000002,0.010000000000000002,0.010000000000000002,0.010607631553247295,0.013563867940371052,0.017079041190981303,0.022225117829585337,0.02433009078390087,0.024184914875234505,0.026760651749272273,0.029790265050759716,0.034905767548990045,0.03672370205075453,0.04815952411172181,0.0648758590946958,0.06752298840213918,0.04057921072187967,0.016389716798051568,0.01834964171904004,0.016210109890394623,0.015006915081796288,0.015253839933448636,0.015364328533457528,0.022299914604834666,0.031789047015806836,0.0413907867989722,0.03536067900250639,0.04276336311188589,0.053677953388673524,0.07674837506801718
0.010000000000000002,0.010000000000000002,0.010000000000000002,0.009835440681220855,0.01063061278022907,0.012222478502755221,0.012494374060037412,0.013842181421444163,0.014571951917185539,0.012688414730732126,0.013886787855202799,0.015168173746923579,0.018989976836458734,0.018376977512924414,0.020494946978727075,0.022433969482547278,0.020661960841673974,0.02372090909527412,0.03509352965865588,0.042178774033499435,0.04843376761957828,0.03689503134938819,0.05152530254810056,0.07129630196441085,0.07649368558591578,0.050128017622732966,0.04773076305556596,0.029671622144950643,0.03406173921937938,0.04409692116743201,0.0419763192577462
0.010000000000000002,0.010000000000000002,0.009684595847052075,0.010000000000000002,0.010000000000000002,0.010000000000000002,0.010000000000000002,0.009829524741541387,0.010286279550927827,0.010842648459550245,0.012417567594432102,0.013505515383651384,0.015319004081665859,0.018641590376557705,0.017125703251135587,0.01745568425127806,0.02215674977999383,0.026846077074133227,0.034176908016568384,0.022199350044295976,0.026109258435859845,0.03110051399929125,0.03244238331948456,0.038136682728747345,0.038767400532118676,0.03204496691175919,0.03579624295579985,0.04775383448027268,0.06582151870330055,0.0798017252471942,0.0795491255099603
