0.0,0.00012790449797484544,0.00038371349392453635,0.0007247921551907909,0.0009806011511404819,0.0012364101470901726,0.0014922191430398635,0.001620123641014709,0.0019185674696226818,0.0021743764655723728,0.0022170112982306546,0.0026433596248134727,0.0028991686207631637,0.0028991686207631637,0.003197612449371136,0.003538691110637391,0.0035813259432956727,0.0038371349392453636,0.004263483265828182,0.004263483265828182,0.004519292261777872,0.004775101257727564,0.005116179918993818,0.005116179918993818,0.0054998934129183545,0.005840972074184609,0.006054146237476018,0.006480494564058836,0.0068642080579833726,0.007162651886591345,0.0075037305478576,0.007844809209123855,0.00822852270304839,0.0089106800255809,0.009806011511404818,0.0112555958217864,0.013429972287358772,0.016584949904071628,0.021658494990407163,0.02818162438712428,0.03675122575143892,0.04570454060967811,0.05525474312513323,0.06531656363248774,0.07507994031123427,0.08671924962694522,0.09797484544873161,0.10778085696013644,0.11843956512470688,0.12952462161586015,0.1411639309315711,0.15246216158601578,0.1629929652526114,0.17450437007034747,0.18324451076529524,0.1920272862929013,0.20319761244937112,0.2119377531443189,0.22217011298230654,0.23214666382434448,0.2419526753357493,0.24984011937753145,0.2592624173950117,0.2680451929226178,0.27589000213174164,0.2838627158388403,0.2933702835216372,0.3020251545512684,0.3099552334257088,0.31707525047964186,0.32538904284800685,0.3327648688978896,0.3399701556171392,0.34743125133233854,0.3529311447452569,0.35817522916222555,0.36559369004476655,0.3719036452781923,0.37757407802174375,0.38324451076529525,0.3882754210189725,0.39398848859518226,0.39918993817949266,0.4042208484331699,0.4103176295033042,0.41539117458963976,0.4213174163291409,0.42622042208484334,0.43065444468130465,0.43572798976764016,0.43879769771903643,0.4431890854828395,0.44817736090385846,0.452654018332978,0.4572585802600725,0.4614794286932424,0.46578554679172884,0.46936687273502453,0.4731187380089533,0.47682796845022385,0.47908761458111276,0.4819441483692177,0.4848006821573225,0.4879982946066937,0.4914517160520145,0.494095075676828,0.49737795779151567,0.5005755702408868,0.5033894691963334,0.506501811980388,0.5089746322745683,0.511490087401407,0.513920272862929,0.5173736943082499,0.5203154977616713,0.5232146663824344,0.526028565337881,0.5287998294606694,0.531912172244724,0.5340012790449797,0.5360903858452356,0.5386911106373907,0.5410360264335963,0.5432956725644852,0.5454274141973993,0.5479002344915797,0.5501598806224686,0.5532722234065232,0.5556597740353869,0.5577488808356427,0.5592837348113409,0.5606054146237476,0.5626518865913451,0.5641867405670433,0.5664463866979322,0.5679386058409721,0.5704114261351524,0.5719036452781923,0.5737795779151567,0.5750586228949052,0.5766787465359199,0.5781709656789598,0.5802174376465572,0.5823491792794713,0.5841824770837775,0.585930505222767,0.5879343423577063,0.5894265615007461,0.5914730334683437,0.5930931571093584,0.5945001065870816,0.5961202302280963,0.5973140055425282,0.5990620336815178,0.6005116179918993,0.6024728202941804,0.6036239607759539,0.6049030057557024,0.6065657642293754,0.6075037305478576,0.6090385845235557,0.6101470901726711,0.6111703261564698,0.6123641014709017,0.6135578767853336,0.6150927307610318,0.6162865060754636,0.617395011724579,0.6188019612023022,0.6199531016840759,0.6209763376678746,0.6226390961415477,0.6236623321253464,0.6251545512683863,0.6264335962481348,0.627371562566617,0.628437433383074,0.6297591131954807,0.6305265401833298,0.6314218716691536,0.632231933489661,0.6327861863142187,0.6341505009592837,0.6347900234491579,0.6353442762737156,0.6363675122575144,0.6373054785759966,0.6383287145597953,0.6393093157109359,0.6402899168620764,0.6408015348539757,0.6413984225111916,0.6422937539970156,0.6429759113195481,0.643871242805372,0.6446813046258794,0.6453208271157536,0.6461308889362609,0.6469409507567683,0.6474099339160094,0.648561074397783
0.0,0.00021317416329140907,0.00042634832658281814,0.0006395224898742272,0.0008100618205073545,0.0010658708164570454,0.001364314645065018,0.0017053933063312726,0.002003837134939245,0.002003837134939245,0.002302280963547218,0.002600724792155191,0.002600724792155191,0.002941803453421445,0.0033681517800042637,0.003410786612662545,0.003666595608612236,0.003965039437220209,0.00400767426987849,0.0043487529311447455,0.004647196759752718,0.005073545086335536,0.005073545086335536,0.005329354082285227,0.0056277979108932,0.005755702408868045,0.006182050735450863,0.006608399062033681,0.006949477723299936,0.0073758260498827544,0.00775953954380729,0.008185887870390108,0.009038584523555744,0.010616073331912172,0.012833084630142827,0.016286506075463655,0.020805798337241527,0.02771264122788318,0.03504583244510765,0.04353016414410574,0.05235557450437007,0.061479428693242376,0.07260712001705394,0.08475804732466426,0.09575783415050096,0.10782349179279471,0.11809848646344064,0.12935408228522702,0.14060967810701344,0.1522063525900661,0.1622255382647623,0.17156256661692604,0.18141121296098914,0.19326369643999147,0.20294180345342144,0.21300362396077596,0.221786399488382,0.23159241099978684,0.2414836921765082,0.25120443402259646,0.2604561927094436,0.2685994457471754,0.2784907269238968,0.287145597953528,0.2960989128117672,0.303176295033042,0.31012577275634196,0.31831166062673205,0.3265401833297804,0.33259432956725643,0.33988488595182265,0.34551268386271583,0.35271797058196547,0.3603496056277979,0.3662332125346408,0.3725431677680665,0.3788957578341505,0.38482199957365165,0.39121722447239393,0.39735664037518653,0.4038371349392454,0.40801534853975696,0.41321679812406736,0.41863142187166913,0.42374760179066295,0.42924749520358135,0.43321253464080156,0.43798763589852907,0.44289064165423153,0.4482199957365167,0.4534214453208271,0.45777019825197185,0.4611383500319761,0.4649328501385632,0.4694095075676828,0.4735877211681944,0.47738222127478147,0.481091451716052,0.4853549349818802,0.48876572159454273,0.4919206992112556,0.4956725644851844,0.4996802387550629,0.5033468343636751,0.5062886378170965,0.5088040929439352,0.511191643572799,0.514517160520145,0.5184395651247069,0.5207418460882541,0.5233852057130676,0.5263696439991473,0.5288850991259859,0.5322958857386485,0.5345128970368791,0.5371988914943508,0.5397143466211896,0.5426135152419527,0.5452568748667661,0.5477723299936048,0.5507567682796844,0.5539117458963974,0.5562566616926029,0.5592837348113409,0.5616712854402046,0.5631208697505863,0.564911532722234,0.5672138136857813,0.5691750159880622,0.5710083137923684,0.573225325090599,0.5754423363888297,0.5773182690257941,0.579108931997442,0.5806011511404817,0.5821360051161799,0.5840119377531443,0.5858452355574504,0.5869537412065657,0.5894265615007461,0.5911319548070774,0.5925389042848007,0.5940311234278406,0.5957365167341718,0.5968876572159454,0.5984225111916436,0.6,0.6011511404817736,0.6022170112982307,0.6037945001065871,0.6050735450863355,0.6062246855681092,0.6077595395438072,0.6089959496908974,0.609976550842038,0.6109145171605201,0.6122361969729269,0.6142400341078661,0.6155617139202728,0.6169260285653378,0.6186314218716692,0.6199104668514176,0.6210616073331913,0.6226390961415477,0.6241739501172457,0.6256661692602856,0.6272436580686421,0.6283095288850992,0.6295459390321893,0.6304839053506714,0.6316350458324451,0.6327435514815605,0.6340225964613089,0.6349179279471328,0.6357706246002984,0.6367938605840973,0.6377318269025795,0.6387124280537199,0.6396077595395439,0.6404178213600512,0.6413557876785334,0.6420805798337241,0.6429332764868898,0.6439565124706885,0.6447665742911959,0.6458324451076529,0.6468130462587934,0.6478789170752505,0.6483052654018333,0.6488168833937327,0.6494137710509487,0.6500959283734812,0.6507354508633554,0.6516307823491793,0.6525261138350033,0.653549349818802,0.6544873161372842,0.6549562992965252,0.6559369004476657,0.6567043274355148,0.6572585802600724
0.0,0.00021317416329140907,0.0003410786612662545,0.0005542528245576637,0.0008100618205073545,0.0010658708164570454,0.001364314645065018,0.001620123641014709,0.0017906629716478363,0.002131741632914091,0.0023449157962055,0.0023449157962055,0.0026859944574717546,0.002984438286079727,0.002984438286079727,0.0033255169473459818,0.003709230441270518,0.003709230441270518,0.00400767426987849,0.00400767426987849,0.004391387763803027,0.004391387763803027,0.004775101257727564,0.005116179918993818,0.005116179918993818,0.0054998934129183545,0.0054998934129183545,0.005926241739501173,0.006352590066083991,0.006736303560008527,0.007162651886591345,0.007546365380515881,0.007930078874440418,0.008782775527606054,0.010274994670645918,0.012705180132167981,0.0159454274141974,0.021146876998507782,0.027073118738008953,0.03402259646130889,0.043487529311447455,0.05244084416968663,0.06506075463653806,0.07580473246642506,0.08765721594542741,0.09950969942442976,0.11404817736090386,0.12504796418674058,0.13843530164144105,0.14986143679386058,0.1613302067789384,0.1716478362822426,0.18183756128757195,0.19317842677467492,0.20477510125772758,0.21372841611596674,0.2239607759539544,0.23415050095928375,0.243572798976764,0.25197186101044555,0.26220422084843314,0.2704753783841398,0.28011085056491153,0.2886378170965679,0.2966531656363249,0.3042848006821573,0.3123001492219143,0.31988914943508845,0.3273928799829461,0.3352803240247282,0.3432104028991686,0.34930718396930294,0.35578767853336174,0.3617139202728629,0.368833937326796,0.37548497122148794,0.3825197186101045,0.3890002131741633,0.39445747175442336,0.399701556171392,0.40652312939671714,0.41206565764229375,0.4173523768919207,0.42123214666382436,0.4268173097420593,0.430867618844596,0.43628224259219783,0.4412705180132168,0.446599872095502,0.45035173736943085,0.4544446813046259,0.45785546791728843,0.4613941590279258,0.4648049456405884,0.46813046258793434,0.4714986143679386,0.4748667661479429,0.4793007887444042,0.4832658281816244,0.4868471541249201,0.4899594969089746,0.4933702835216372,0.49584310381581753,0.4986570027712641,0.5017693455553187,0.5041995310168408,0.5071413344702622,0.5108079300788745,0.5140481773609039,0.5160946493285014,0.5189511831166063,0.5217650820720529,0.5242805371988914,0.5264549136644638,0.5292261777872522,0.531912172244724,0.5342144532082712,0.5369430824984012,0.5397143466211896,0.5425282455766361,0.5450437007034747,0.5473033468343637,0.5490513749733532,0.5522489874227243,0.5549776167128544,0.5571093583457685,0.5595821786399489,0.5617565551055212,0.5637177574078022,0.5660626732040077,0.5684928586655298,0.5710083137923684,0.5732679599232573,0.5748454487316137,0.5769345555318696,0.5790662971647836,0.5806864208057984,0.5820507354508634,0.5842251119164358,0.5857599658921339,0.5874653591984651,0.5894691963334044,0.5914730334683437,0.5931784267746749,0.5951822639096142,0.5968450223832872,0.5985930505222767,0.5998720955020251,0.6012790449797485,0.6027712641227884,0.6048177360903858,0.605755702408868,0.6072479215519079,0.6084843316989981,0.6097207418460883,0.6108292474952036,0.611639309315711,0.6127904497974845,0.6140268599445747,0.6156043487529311,0.617096567895971,0.6179492645491367,0.6195693881901514,0.6206352590066084,0.6217437646557237,0.623150714133447,0.6240886804519292,0.6249840119377531,0.6262630569175016,0.6272436580686421,0.6288211468769985,0.6298443828607972,0.631166062673204,0.6320187593263696,0.6327435514815605,0.633596248134726,0.6344063099552334,0.6356000852696653,0.6363675122575144,0.6371349392453635,0.6384566190577702,0.6398635685354935,0.6406736303560009,0.6416542315071413,0.642506928160307,0.6434448944787892,0.6444254956299297,0.6451502877851204,0.6462161586015774,0.6467704114261351,0.6472393945853763,0.647793647409934,0.6485184395651247,0.6490300575570241,0.6502664677041142,0.6511617991899382,0.6518865913451289,0.6527819228309529,0.653549349818802,0.6547857599658922,0.6552973779577915
0.0,0.00017053933063312726,0.0004689831592411,0.0008100618205073545,0.0010658708164570454,0.001364314645065018,0.0015348539756981454,0.0018759326369644,0.0018759326369644,0.002131741632914091,0.002515455126838627,0.002515455126838627,0.0028565337881048818,0.0031549776167128546,0.003496056277979109,0.003496056277979109,0.003922404604561927,0.004178213600511618,0.004178213600511618,0.004476657429119591,0.004903005755702409,0.004903005755702409,0.005244084416968663,0.005244084416968663,0.0054998934129183545,0.005840972074184609,0.006011511404817736,0.0064378597314005545,0.0068642080579833726,0.007290556384566191,0.007716904711149009,0.00822852270304839,0.008782775527606054,0.009933916009379663,0.011340865487102962,0.013685781283308463,0.017480281389895543,0.02370496695800469,0.030824984011937753,0.03756128757194628,0.045960349605627795,0.05555318695374121,0.06570027712641228,0.0761884459603496,0.08850991259859305,0.09887017693455553,0.11144745256874866,0.12419526753357493,0.13660200383713494,0.14521424003410788,0.15646983585589427,0.16853549349818803,0.17902366233212536,0.19006608399062033,0.20127904497974847,0.21180984864634406,0.22140268599445748,0.23159241099978684,0.24203794500106587,0.2518439565124707,0.26147942869324237,0.2707738222127478,0.2804519292261778,0.28944787891707524,0.2968663397996163,0.304839053506715,0.3128117672138137,0.31988914943508845,0.3276060541462375,0.3352376891920699,0.34261351524195266,0.3491792794713281,0.35646983585589426,0.3639309315710936,0.36955872948198676,0.3768066510338947,0.38247708377744616,0.3881048816883394,0.3940311234278405,0.39965892133873376,0.4054146237476018,0.4116393093157109,0.41675548923470473,0.4217437646557237,0.4269878490726924,0.43120869750586227,0.43670859091878067,0.44233638882967385,0.4470688552547431,0.4509486250266468,0.4555958217863995,0.46152206352590064,0.4651886591345129,0.4682157322532509,0.47256448518439564,0.4774248561074398,0.48121935621402684,0.4849712214879557,0.4881688339373268,0.4913664463866979,0.4954167554892347,0.49810274994670645,0.5004050309102537,0.5038158175229163,0.5082924749520358,0.5122148795565977,0.5151566830100192,0.5176721381368579,0.5215092730761032,0.5244084416968663,0.5270091664890215,0.5295672564485184,0.5323385205713067,0.5353655936900448,0.5377531443189085,0.54069494777233,0.542954593903219,0.5455553186953741,0.5482413131528459,0.5506288637817096,0.5533148582391814,0.5564698358558943,0.5590279258153912,0.5609038584523556,0.5628224259219783,0.565209976550842,0.5670859091878064,0.5690897463227457,0.5713493924536346,0.573225325090599,0.5757407802174377,0.5772756341931358,0.5794073758260498,0.5815817522916222,0.5833724152632701,0.5847367299083351,0.5864847580473247,0.5880196120230228,0.5889149435088468,0.5901087188232786,0.591984651460243,0.5939884885951823,0.5958217863994884,0.5973566403751865,0.5986356853549349,0.6001279044979748,0.6023022809635472,0.6036239607759539,0.6055425282455766,0.6067363035600085,0.6090385845235557,0.6101044553400128,0.6115966744830527,0.6138136857812833,0.6153911745896398,0.6169260285653378,0.6185035173736944,0.6199531016840759,0.6217437646557237,0.6228949051374973,0.6237049669580047,0.6248987422724366,0.6259646130888936,0.627073118738009,0.6278831805585163,0.6290769558729482,0.6301854615220636,0.6316350458324451,0.6324451076529525,0.6329993604775102,0.6338094222980175,0.6347900234491579,0.6359837987635899,0.6370496695800469,0.6380302707311873,0.638882967384353,0.6398635685354935,0.6407162651886591,0.6417821360051161,0.6432317203154978,0.6442549562992965,0.6456619057770199,0.6465572372628438,0.6475378384139843,0.6485184395651247,0.6495843103815817,0.6504796418674057,0.6510765295246216,0.6518439565124707,0.6524834790023449,0.6532082711575357,0.6539330633127265,0.654913664463867,0.6554679172884247,0.6560648049456406,0.6564485184395651,0.6567469622681731,0.6572159454274142,0.6578128330846301,0.6588787039010872,0.6596887657215945
0.0,0.0002558089959496909,0.0005542528245576637,0.0008100618205073545,0.001151140481773609,0.0013216798124067364,0.0016627584736729909,0.0019612023022809637,0.002131741632914091,0.0021743764655723728,0.002558089959496909,0.0028565337881048818,0.003240247282029418,0.003240247282029418,0.0036239607759539546,0.003922404604561927,0.004306118098486463,0.004306118098486463,0.004604561927094436,0.004647196759752718,0.004988275421018973,0.005329354082285227,0.005329354082285227,0.0057130675762097636,0.005926241739501173,0.006267320400767427,0.006395224898742272,0.00682157322532509,0.007247921551907909,0.007674269878490727,0.008100618205073545,0.008612236196972926,0.0089106800255809,0.010019185674696228,0.011383500319761245,0.013685781283308463,0.01692602856533788,0.022425921978256234,0.028309528885099126,0.036452781922830954,0.04340225964613089,0.05269665316563633,0.06322745683223194,0.07482413131528459,0.08590918780643786,0.09682370496695801,0.10905990193988488,0.12125346408015349,0.13267959923257303,0.14355148156043487,0.15557450437007034,0.16584949904071628,0.17612449371136218,0.18512044340225964,0.19569388190151354,0.2047324664250693,0.2150074610957152,0.2229801748028139,0.2323598379876359,0.2417395011724579,0.2509059901939885,0.2596461308889363,0.2679599232573012,0.27699850778085694,0.28484331698998083,0.29277339586442125,0.301215092730761,0.3091025367725432,0.3165209976550842,0.32321466638243446,0.329652526113835,0.3360477510125773,0.342357706246003,0.3486250266467704,0.35514815604348754,0.36167128544020466,0.36823704966958004,0.3741632914090812,0.38038797697719035,0.3863994883820081,0.3931784267746749,0.3980814325303773,0.4037945001065871,0.4092091238541889,0.4136005116179919,0.41837561287571945,0.4237049669580047,0.4278831805585163,0.4324877424856107,0.43619697292688125,0.4414410573438499,0.44749520358132594,0.4514176081858879,0.4563206139415903,0.4599019398848859,0.4644212321466638,0.46766147942869324,0.4715838840332552,0.4747814964826263,0.4785333617565551,0.48173097420592625,0.4845875079940311,0.48735877211681944,0.4905137497335323,0.4929865700277126,0.4960989128117672,0.4991686207631635,0.5021530590492432,0.5054785759965892,0.5079513962907696,0.510296312086975,0.512555958217864,0.5159241099978683,0.5185674696226817,0.5212960989128118,0.5236836495416756,0.5264122788318056,0.5291835429545939,0.5318269025794073,0.5347687060328288,0.536900447665743,0.5388616499680239,0.5415050095928373,0.5432956725644852,0.5451289703687913,0.5468343636751226,0.5490940098060115,0.5506714986143679,0.5529311447452568,0.5550202515455127,0.5579194201662758,0.5598806224685569,0.5620976337667875,0.5642720102323598,0.5665316563632488,0.568364954167555,0.5707951396290769,0.5729695160946493,0.574888083564272,0.5764229375399702,0.5780856960136431,0.5798337241526327,0.5817096567895971,0.582903432104029,0.5849072692389682,0.5861436793860584,0.5871669153698572,0.5883606906842891,0.5892986570027713,0.5905350671498615,0.591686207631635,0.5931784267746749,0.5949264549136645,0.5958217863994884,0.5973140055425282,0.5984225111916436,0.599701556171392,0.6006821573225325,0.6018759326369644,0.6024728202941804,0.6039650394372202,0.6048177360903858,0.6058409720741846,0.6070773822212748,0.6081432530377319,0.6089533148582392,0.6099339160093796,0.611042421658495,0.6125346408015349,0.6144532082711576,0.6156043487529311,0.6168407589000213,0.6180345342144532,0.6194841185248348,0.6203368151780004,0.6217011298230655,0.6226390961415477,0.6234065231293967,0.6245150287785121,0.6254529950969943,0.6260498827542101,0.626774674909401,0.6278831805585163,0.6288637817096568,0.6300575570240887,0.631166062673204,0.6321892986570028,0.6332978043061182,0.6346621189511831,0.6354721807716904,0.6363675122575144,0.6367085909187806,0.6375612875719463,0.638286079727137,0.6393519505435942,0.6401620123641014,0.6411426135152419,0.6419953101684076,0.642805371988915,0.6437859731400555,0.6448092091238542
0.0,0.00012790449797484544,0.0003410786612662545,0.0005116179918993818,0.0006395224898742272,0.0008100618205073545,0.0009806011511404819,0.0012364101470901726,0.0014495843103815818,0.0017053933063312726,0.0019185674696226818,0.002259646130888936,0.0026433596248134727,0.0026859944574717546,0.003027073118738009,0.0032828821146877,0.0033255169473459818,0.003666595608612236,0.003666595608612236,0.00400767426987849,0.004391387763803027,0.004434022596461309,0.004689831592411,0.005073545086335536,0.005116179918993818,0.005670432743551481,0.006096781070134299,0.006480494564058836,0.0068642080579833726,0.007205286719249627,0.007546365380515881,0.007844809209123855,0.008271157535706673,0.009123854188872309,0.010616073331912172,0.012619910466851418,0.01568961841824771,0.02042208484331699,0.026348326582818164,0.03342570880409294,0.04254956299296525,0.05146024301854615,0.06156469835855894,0.07043274355148156,0.08100618205073545,0.09243231720315498,0.10219569388190151,0.11421871669153699,0.12560221701129823,0.13566403751865275,0.1463227456832232,0.15600085269665318,0.1664463866979322,0.1760818588787039,0.18605840972074184,0.196972926881262,0.20690684289064165,0.21441057343849926,0.22498401193775314,0.2332978043061181,0.24152632700916649,0.25052227670006394,0.25900660839906203,0.26864208057983374,0.2775953954380729,0.28599445747175445,0.29315710935834577,0.30219569388190154,0.3096994244297591,0.3181411212960989,0.3250053293540823,0.3318269025794074,0.3395438072905564,0.3467064591771477,0.3530590492432317,0.3591984651460243,0.3664463866979322,0.37258580260072477,0.3786399488382008,0.38435301641441055,0.39019398848859516,0.3949690897463227,0.4011085056491153,0.4067789383926668,0.41206565764229375,0.4175655510552121,0.42242592197825624,0.42668940524408444,0.4316350458324451,0.43687913024941377,0.4409720741846088,0.44536346194841187,0.4509486250266468,0.45619270944361545,0.4597314005542528,0.4637817096567896,0.4683010019185675,0.47192496269452144,0.47631635045832443,0.4805371988914944,0.4851417608185888,0.48919206992112557,0.4929865700277126,0.4968663397996163,0.5001065870816457,0.5042848006821573,0.5075250479641867,0.510296312086975,0.5138350031976124,0.5168194414836922,0.5198038797697719,0.5227883180558517,0.5256448518439565,0.5283734811340866,0.5315284587507993,0.5334043913877639,0.536005116179919,0.5389895544659987,0.542059262417395,0.5450437007034747,0.5479855041568962,0.5503304199531017,0.5525474312513323,0.5546365380515882,0.5565977403538691,0.55855894265615,0.5610317629503304,0.5629929652526113,0.564442549562993,0.5661479428693242,0.568066510338947,0.5702835216371775,0.5725005329354083,0.5744617352376892,0.5758686847154125,0.5777019825197186,0.5791942016627585,0.5808143253037732,0.5828607972713707,0.5849499040716265,0.5866126625452995,0.5884885951822639,0.5902792581539118,0.5918993817949264,0.5934342357706246,0.594841185248348,0.5966318482199957,0.5978682583670859,0.5995310168407589,0.6011085056491153,0.6024728202941804,0.6037518652739288,0.6053719889149435,0.6069494777233,0.6081006182050736,0.6093370283521637,0.610743977829887,0.6118951183116607,0.6133873374547005,0.6151353655936901,0.6165423150714133,0.6179066297164784,0.6190577701982519,0.6203794500106588,0.621487955659774,0.6225964613088893,0.6240034107866127,0.6254956299296526,0.6269452142400341,0.6279684502238329,0.6290343210402899,0.6301001918567469,0.6312513323385206,0.6321892986570028,0.633127264975485,0.6339799616286506,0.6350031976124494,0.636154338094223,0.6378597314005543,0.6387550628863782,0.6395651247068855,0.6406309955233426,0.6413557876785334,0.6422937539970156,0.6428906416542315,0.6436580686420805,0.6448518439565125,0.6454487316137284,0.6460882541036026,0.6468556810914518,0.6474525687486676,0.6480068215732253,0.6488168833937327,0.64962694521424,0.6505222767000639,0.6513323385205713,0.6520997655084204,0.6526113835003198,0.6531656363248775,0.654018332978043,0.6544446813046259
0.0,0.00021317416329140907,0.00038371349392453635,0.000682157322532509,0.0009379663184822,0.0012790449797484545,0.001620123641014709,0.0019185674696226818,0.0021743764655723728,0.0022170112982306546,0.002387550628863782,0.0026433596248134727,0.002984438286079727,0.003069707951396291,0.0033255169473459818,0.003410786612662545,0.0037518652739288,0.0037945001065870817,0.0041355787678533365,0.004391387763803027,0.004732466425069281,0.004732466425069281,0.004988275421018973,0.005244084416968663,0.005542528245576636,0.005585163078234918,0.006096781070134299,0.006523129396717118,0.006906842890641654,0.007290556384566191,0.007674269878490727,0.00801534853975698,0.008526966531656363,0.009422298017480282,0.011170326156469837,0.01338733745470049,0.017053933063312727,0.021573225325090598,0.028480068215732252,0.03675122575143892,0.04387124280537199,0.05282455766361117,0.0633127264975485,0.07444041782136004,0.08450223832871456,0.09686633979961629,0.10829247495203581,0.11890854828394798,0.1308463014282669,0.1418887230867619,0.1535706672351311,0.16320613941590278,0.17493071839693028,0.18558942656150074,0.19496908974632274,0.20579833724152632,0.21675548923470475,0.2269878490726924,0.23598379876358985,0.24672777659347686,0.25589426561500744,0.2635259006608399,0.27286292901300363,0.28202941803453424,0.2906416542315071,0.29835855894265617,0.30560648049456407,0.31289703687913023,0.3212108292474952,0.32867192496269454,0.33591984651460244,0.34410573438499253,0.35092730761031765,0.35826049882754213,0.3650820720528672,0.37173310594755915,0.3774888083564272,0.3838413984225112,0.3890002131741633,0.39518226390961414,0.39940311234278403,0.40567043274355147,0.4108292474952036,0.41611596674483053,0.4215732253250906,0.4274141973992752,0.4330419953101684,0.4377318269025794,0.44203794500106586,0.4473672990833511,0.45107652952462163,0.4558516307823492,0.46058409720741844,0.4644638669793221,0.4682583670859092,0.4726071200170539,0.4760179066297165,0.4801534853975698,0.48382008100618207,0.4874866766147943,0.4907269238968237,0.4939245363461948,0.49707951396290767,0.49980814325303774,0.5029204860370923,0.505904924323172,0.5093583457684928,0.5128117672138137,0.5156256661692603,0.5186101044553401,0.5215092730761032,0.5243658068642081,0.5273076103176295,0.5299083351097847,0.5329354082285227,0.5356640375186528,0.5384779364740994,0.5409081219356214,0.5433809422298017,0.5457684928586656,0.5478575996589213,0.5508846727776594,0.552803240247282,0.5548497122148796,0.556725644851844,0.5591131954807077,0.5612875719462801,0.563376678746536,0.5650820720528672,0.5676401620123641,0.5700277126412279,0.5719889149435089,0.573822212747815,0.5754423363888297,0.5774035386911106,0.5799616286506075,0.5817522916222554,0.5837561287571946,0.585333617565551,0.5869537412065657,0.5887017693455553,0.59032189298657,0.5920699211255596,0.5939032189298658,0.5956512470688553,0.5968023875506289,0.5981667021956939,0.5997441910040503,0.601065870816457,0.6028138989554466,0.6044766574291196,0.606054146237476,0.6075890002131742,0.6086548710296312,0.6100191856746963,0.6112982306544447,0.6122361969729269,0.6145811127691324,0.6161586015774888,0.6175229162225538,0.6186740567043274,0.6201662758473673,0.6215305904924323,0.6230228096354722,0.6241739501172457,0.6254103602643359,0.6263056917501599,0.627073118738009,0.6281816243871243,0.6290769558729482,0.6303133660200384,0.6313792368364954,0.6321466638243445,0.6332978043061182,0.6343636751225752,0.6355148156043487,0.636452781922831,0.6371775740780218,0.6380729055638457,0.6390535067149862,0.6402899168620764,0.6411852483479002,0.6421658494990408,0.6430611809848646,0.6439991473033468,0.6444681304625879,0.6450650181198039,0.6458324451076529,0.6466425069281603,0.647495203581326,0.6483479002344916,0.6489021530590492,0.6497974845448732,0.6501811980387977,0.6506501811980387,0.6514176081858879,0.6520997655084204,0.6530803666595608,0.6539756981453848,0.654913664463867,0.6557237262843744
0.0,0.00021317416329140907,0.0005116179918993818,0.000682157322532509,0.0010232359837987635,0.0012364101470901726,0.0014922191430398635,0.0017906629716478363,0.0019612023022809637,0.002259646130888936,0.002302280963547218,0.002558089959496909,0.0028565337881048818,0.0028565337881048818,0.003240247282029418,0.003538691110637391,0.003538691110637391,0.003922404604561927,0.004306118098486463,0.0043487529311447455,0.004732466425069281,0.004988275421018973,0.005030910253677254,0.005414623747601791,0.005755702408868045,0.005926241739501173,0.006352590066083991,0.006778938392666809,0.007162651886591345,0.007461095715199318,0.0078021743764655725,0.008185887870390108,0.008441696866339799,0.009038584523555744,0.009976550842037945,0.011340865487102962,0.013728416115966745,0.01709656789597101,0.021274781496482625,0.02886378170965679,0.03632487742485611,0.045448731613728414,0.055297377957791514,0.065657642293754,0.07542101897250053,0.08757194628011085,0.09759113195480708,0.10722660413557877,0.12010232359837987,0.13216798124067364,0.14299722873587722,0.15297377957791516,0.1643999147303347,0.17480281389895544,0.18550415689618419,0.1962481347260712,0.2060967810701343,0.2159454274141974,0.22583670859091878,0.23555745043700704,0.2454913664463867,0.25393306331272647,0.26267320400767424,0.2704753783841398,0.27797910893199745,0.28710296312086975,0.2940524408441697,0.30134299722873586,0.30893199744191,0.31596674483052656,0.32530377318269027,0.33255169473459817,0.3394585376252398,0.34798550415689616,0.3552760605414624,0.36307823491792796,0.36853549349818804,0.3744191004050309,0.38085696013643144,0.38674056704327436,0.3934768706032829,0.39825197186101047,0.40498827542101895,0.4105734384992539,0.4164144105734385,0.4213600511617992,0.4263483265828182,0.43214666382434447,0.4365380515881475,0.4419953101684076,0.446599872095502,0.45052227670006395,0.45474312513323384,0.45939032189298656,0.46382434448944787,0.46719249626945214,0.47068855254743125,0.4742272436580686,0.4784907269238968,0.4819441483692177,0.4850991259859305,0.48876572159454273,0.491835429545939,0.49558729481986785,0.4992112555958218,0.5023235983798764,0.5053933063312727,0.5083777446173524,0.5110637390748242,0.5133233852057131,0.5160093796631848,0.5190790876145811,0.5222767000639522,0.5241099978682584,0.5264549136644638,0.5283308463014282,0.5306757620976338,0.5339160093796632,0.536602003837135,0.539032189298657,0.5412492005968876,0.5434662118951183,0.5464506501811981,0.548411852483479,0.5507141334470262,0.5530590492432317,0.5556597740353869,0.5582604988275421,0.5601364314645065,0.5619270944361543,0.5640162012364102,0.5661479428693242,0.5678533361756555,0.5702835216371775,0.5722020891068003,0.5739927520784481,0.5755702408868045,0.5768066510338947,0.5785973140055425,0.5800468983159242,0.5821360051161799,0.5834150500959284,0.5850778085696013,0.5864421232146664,0.5884885951822639,0.5903645278192283,0.5925389042848007,0.5940311234278406,0.5957791515668301,0.5972287358772117,0.5990620336815178,0.6005116179918993,0.602131741632914,0.6032828821146877,0.6043913877638031,0.6054572585802601,0.6065231293967172,0.6078021743764656,0.6089959496908974,0.6101470901726711,0.6115540396503943,0.6130888936260925,0.6144532082711576,0.6153911745896398,0.6165849499040716,0.6177360903858452,0.6188019612023022,0.6202089106800256,0.6215732253250906,0.6224685568109145,0.6235344276273715,0.6247282029418034,0.6256661692602856,0.6266894052440845,0.6277552760605415,0.6289490513749734,0.6303133660200384,0.6312086975058623,0.6324024728202942,0.6336815178000427,0.6351311021104242,0.636154338094223,0.6368791302494138,0.6375612875719463,0.6380729055638457,0.6387550628863782,0.6398209337028352,0.6402899168620764,0.6408015348539757,0.6415689618418248,0.6424216584949904,0.643103815817523,0.6438286079727137,0.6446813046258794,0.6452781922830952,0.6464293327648689,0.6470262204220848,0.6475378384139843,0.6480494564058836,0.6486463440630995,0.6492858665529738
0.0,8.526966531656363e-05,0.00012790449797484544,0.00042634832658281814,0.0007247921551907909,0.0009806011511404819,0.001193775314431891,0.0014069494777233,0.0016627584736729909,0.002046471967597527,0.002046471967597527,0.0023449157962055,0.0026433596248134727,0.003027073118738009,0.003069707951396291,0.0033681517800042637,0.003709230441270518,0.0037518652739288,0.0041355787678533365,0.004476657429119591,0.004476657429119591,0.004775101257727564,0.004988275421018973,0.005414623747601791,0.005414623747601791,0.005798337241526327,0.005968876572159454,0.006395224898742272,0.00682157322532509,0.007162651886591345,0.007461095715199318,0.0078021743764655725,0.008271157535706673,0.008953314858239182,0.010232359837987636,0.012705180132167981,0.016371775740780217,0.021232146663824343,0.027755276060541463,0.035813259432956726,0.04506501811980388,0.05376252398209337,0.06335536133020678,0.07516520997655084,0.08552547431251332,0.09656789597100832,0.1083351097846941,0.11950543594116393,0.13169899808143254,0.1427840545725858,0.15322958857386484,0.16333404391387762,0.1742485610743978,0.18537625239820935,0.19501172457898103,0.20545725858026007,0.21598806224685568,0.22566616926028565,0.23530164144105734,0.2445534001279045,0.25359198465146027,0.2625879343423577,0.27209550202515453,0.28070773822212747,0.28919206992112556,0.29882754210189727,0.30620336815178,0.31285440204647197,0.3200170539330633,0.3278618631421872,0.3357493071839693,0.34197399275207846,0.34900874014069494,0.3558729481986783,0.3620549989341292,0.36751225751438926,0.3742059262417395,0.3807290556384566,0.3857173310594756,0.39104668514176083,0.39586442123214666,0.40076742698784906,0.40622468556810915,0.41142613515241955,0.4156043487529311,0.4209763376678747,0.42609251758686845,0.4319334896610531,0.4368364954167555,0.4410147090172671,0.44489447878917077,0.44984011937753143,0.4548283947985504,0.4586228949051375,0.46361117032615645,0.4677041142613515,0.4712854402046472,0.4751652099765508,0.4787465359198465,0.48228522703048393,0.4850991259859305,0.48850991259859305,0.4919633340439139,0.4955020251545513,0.49950969942442974,0.5025367725431678,0.5061180984864634,0.509230441270518,0.5117032615646984,0.5140908121935621,0.5165636324877425,0.5194628011085056,0.5225325090599019,0.5250479641867406,0.5273076103176295,0.5300362396077596,0.5324664250692817,0.5344276273715626,0.5377957791515668,0.5401833297804306,0.5423150714133447,0.5448731613728416,0.5473886164996803,0.5502877851204434,0.5533148582391814,0.5550628863781709,0.5569814538477936,0.5589426561500747,0.5611170326156469,0.5635045832445108,0.5661053080366659,0.5681091451716052,0.570496695800469,0.5722447239394586,0.574120656576423,0.5754423363888297,0.5774035386911106,0.5788531230014922,0.58064378597314,0.5824344489447879,0.5844382860797271,0.5864421232146664,0.5876358985290983,0.5891281176721381,0.5908335109784694,0.5923257301215092,0.593647409933916,0.5953528032402473,0.5972287358772117,0.5984225111916436,0.6,0.6013216798124067,0.6028138989554466,0.6043487529311448,0.6054146237476018,0.6064804945640588,0.6079300788744404,0.6096354721807717,0.6108292474952036,0.61240673630356,0.6135152419526754,0.6143253037731827,0.6156043487529311,0.61662758473673,0.6175229162225538,0.6179066297164784,0.6188872308676189,0.6195267533574931,0.620422084843317,0.6211042421658495,0.6217437646557237,0.6226817309742059,0.6240886804519292,0.6250266467704114,0.6264335962481348,0.6278831805585163,0.6293327648688979,0.6300149221914304,0.6314218716691536,0.6329993604775102,0.6337667874653592,0.6348752931144745,0.6356427201023236,0.636452781922831,0.6370923044127051,0.6379023662332125,0.638882967384353,0.6393945853762524,0.6401620123641014,0.6408868045192923,0.6416968663397996,0.6422511191643573,0.6434448944787892,0.6438286079727137,0.644340225964613,0.6453634619484119,0.6460456192709444,0.6468130462587934,0.6482199957365168,0.6490726923896823,0.6495416755489235
0.0,0.0002558089959496909,0.0005968876572159454,0.0008953314858239182,0.001193775314431891,0.0015774888083564273,0.0019185674696226818,0.0021743764655723728,0.0021743764655723728,0.002472820294180345,0.0028138989554466,0.0028138989554466,0.0031123427840545727,0.0031123427840545727,0.003453421445320827,0.0037945001065870817,0.0037945001065870817,0.004178213600511618,0.004476657429119591,0.004775101257727564,0.004775101257727564,0.005116179918993818,0.005371988914943509,0.0057130675762097636,0.00588360690684289,0.006309955233425709,0.006736303560008527,0.007120017053933063,0.0075037305478576,0.007930078874440418,0.008356427201023236,0.008782775527606054,0.00963547218077169,0.011298230654444682,0.013429972287358772,0.016371775740780217,0.02084843316989981,0.028096354721807718,0.03534427627371563,0.0440844169686634,0.053847793647409936,0.06318482199957365,0.07452568748667661,0.08620763163504583,0.09716478362822425,0.10910253677254317,0.1205286719249627,0.13212534640801535,0.14350884672777658,0.15288850991259859,0.16367512257514388,0.17399275207844808,0.18439565124706886,0.1934342357706246,0.203325516947346,0.212705180132168,0.22217011298230654,0.23159241099978684,0.24050309102536774,0.2506928160306971,0.2595608612236197,0.2683010019185675,0.2771264122788318,0.2861223619697293,0.29315710935834577,0.30189725005329354,0.31055212108292474,0.31886591345128973,0.32577275634193137,0.33421445320827115,0.34103602643359626,0.34845448731613726,0.3554892347047538,0.3623534427627372,0.3688765721594543,0.3754423363888297,0.380942229801748,0.3863994883820081,0.3924536346194841,0.39820933702835215,0.4032828821146877,0.40746109571519934,0.41257727563419316,0.41705393306331273,0.42178639948838204,0.4269878490726924,0.43167768066510337,0.43628224259219783,0.441142613515242,0.4452781922830953,0.45043700703474737,0.45521210829247494,0.4589639735664037,0.46292901300362393,0.46689405244084414,0.47098699637603925,0.4750799403112343,0.47870390108718824,0.48262630569175013,0.48642080579833724,0.49008740140694945,0.4939245363461948,0.497122148795566,0.500447665742912,0.5035173736943083,0.5074397782988702,0.5100405030910253,0.5134086548710296,0.5165209976550842,0.5195054359411639,0.5229588573864847,0.5251332338520571,0.5270091664890215,0.5300362396077596,0.5331912172244724,0.5360477510125773,0.5386911106373907,0.5404817736090386,0.5430824984011938,0.5460243018546153,0.5485397569814539,0.5505435941163931,0.552632700916649,0.554465998720955,0.5562566616926029,0.5587294819867832,0.5608612236196973,0.5627371562566617,0.5649541675548924,0.5670432743551481,0.5692176508207205,0.5709230441270517,0.5728842464293328,0.574589639735664,0.576252398209337,0.5776167128544021,0.5795352803240247,0.5811127691323812,0.5825623534427627,0.5840972074184608,0.5853762523982093,0.5869111063739075,0.5886164996802388,0.5902792581539118,0.5918567469622682,0.5930505222767001,0.5943295672564485,0.5958217863994884,0.5974419100405031,0.5983798763589853,0.6001279044979748,0.6013216798124067,0.6029418034534214,0.6046471967597528,0.6061394159027926,0.6082711575357067,0.6097633766787466,0.6111703261564698,0.6123214666382435,0.6135578767853336,0.615433809422298,0.6169686633979962,0.6182050735450864,0.6196546578554679,0.621018972500533,0.6221274781496483,0.6236196972926882,0.6247708377744617,0.6261351524195268,0.6274994670645918,0.6284800682157322,0.6292901300362396,0.6309528885099126,0.6320187593263696,0.633127264975485,0.6337667874653592,0.6342357706246003,0.6355148156043487,0.6365806864208058,0.6373481134086548,0.6383713493924537,0.6396077595395439,0.6407162651886591,0.6412278831805586,0.6423363888296738,0.6429759113195481,0.643871242805372,0.644937113621829,0.6458324451076529,0.6465998720955021,0.6475804732466425,0.6485184395651247,0.649328501385632,0.6503517373694309,0.6507780856960137,0.6516307823491793,0.6526966531656363,0.6532082711575357,0.6537625239820933,0.6547004903005755,0.6554252824557664
