0.7997,0.7997005994011988,0.799703397627181,0.7997293883636997,0.7997341869751617,0.7997419845190712,0.7997667787768687,0.7997723776930139,0.7997851755100082,0.7998099724460047,0.799817171844464,0.799838770817518,0.8185591251191883,0.8352586746438384,0.8473262189088268,0.8574391885128296,0.8609658101069709,0.8610426062354688,0.8624513284567319,0.8690209399614713,0.8717361970153292,0.8731573845156627,0.8772676351023369,0.8776874573545885,0.8788488012796256,0.8826648235790263,0.8815904528061671,0.8815310471925715,0.884642148458723,0.8826916278641073,0.8829782394950191,0.8863762381820574,0.8861910527896674,0.8866168887344659,0.887654799080475,0.8872432337124218,0.8865980348364572,0.8889756913759176,0.8898154732234189,0.8903728100529645,0.8913522659498658
0.7997,0.7997047982287894,0.7997071973647762,0.7997283883206978,0.799735586250485,0.7997395851563539,0.7997643792653754,0.7997755771088652,0.7997843756344467,0.7998043730034745,0.7998195716727526,0.7998275712043912,0.7998481705450857,0.8105829046324071,0.8282930350054132,0.8339644050212458,0.8420013074687812,0.8442493776545953,0.8527087875368384,0.8575248259994311,0.858605530701735,0.861928987267175,0.8635343179455072,0.8674112082350264,0.8698517820939533,0.8730760317766547,0.8745105306688356,0.8769263339078489,0.879613471748583,0.8807379828685037,0.8825455499518993,0.8826560891348274,0.8819126674107143,0.8840786400480687,0.8847071020041375,0.8854744869603146,0.8854975883245363,0.8875083624645479,0.8882110368776658,0.8887271172891331,0.8888449437141018
0.7997,0.7997015994031988,0.7997071973647762,0.7997301894773896,0.7997331882602835,0.7997403862404707,0.7997667799430751,0.7997739785279602,0.7997875762085354,0.7998083735555507,0.7998179726959044,0.79982837202464,0.799850771497356,0.7998659718540894,0.8427784219916981,0.8496901550319699,0.852538153193906,0.856202158381048,0.8669293156530531,0.8657658636638391,0.8723783440090971,0.8737746313228563,0.8784323738834692,0.8809069820107881,0.8810079983701169,0.8817266213992636,0.8823914128923822,0.8855087803022607,0.8866129736238546,0.8862949486073859,0.8859784792490271,0.8883455747119617,0.8889326852526825,0.891338084494264,0.8929202511461749,0.8931298258645374,0.8932385236712754,0.8940748112551815,0.8937722441251543,0.8939186702612895,0.8959082736520376
0.7997,0.7997023991071973,0.7997063976511812,0.7997331882602835,0.7997363873465926,0.799743585384367,0.7997679791181206,0.7997725779400602,0.7997861756240211,0.7998077728959784,0.7998157721815994,0.7998341711457794,0.7998517709471056,0.7998613711652024,0.8339526117108699,0.8459920600485943,0.8495221590151646,0.8546759187119632,0.859365543731925,0.8609895345230858,0.863452216708888,0.8640511811555379,0.867600335539616,0.8680475951596758,0.8699535666555677,0.8725466582250606,0.8740213539504118,0.8727933279442713,0.8731475266373585,0.8740071916634475,0.876938687267591,0.8773254781286836,0.8780480478398806,0.8788464187287965,0.881048832498878,0.8805886963337107,0.8814886875829573,0.8825867005711475,0.8835762840275921,0.8834843054349957,0.8839902967250279
0.7997,0.7997011988047952,0.799703397627181,0.7997337877542366,0.799737786627118,0.7997447844318504,0.7997685787092412,0.7997773770698382,0.7997917748047514,0.7998099724460047,0.7998251713280978,0.799838770817518,0.7998515707594396,0.8435864497097726,0.8657940914716871,0.8705213008898338,0.8726694343345962,0.8748830956277764,0.8795603049680857,0.8820324389672172,0.8828992452834683,0.8817076115883283,0.881307687403633,0.8821250842208537,0.8831695765384333,0.8825482710286444,0.8853423101399454,0.8807072012587452,0.8816489704479787,0.8834916255044238,0.8835718639751655,0.8835111228657909,0.8843654961048016,0.8845539348371517,0.8853425792468996,0.8871350606812201,0.8882156932914012,0.8889731187962004,0.887430760561783,0.8869177142708875,0.886628697972189
0.7997,0.7997031988127953,0.7997061973557762,0.7997329879844594,0.7997401859700424,0.7997465842882259,0.7997689792081287,0.7997777775555331,0.7997889757322092,0.7998105731013804,0.7998265719046486,0.7998385714271427,0.8132813161025407,0.8334557318375392,0.8499084302024352,0.8552542638274598,0.8628788584289935,0.8716285456867164,0.8739181882767593,0.8713559035163558,0.8726982558279515,0.8715299390016183,0.8741386538936462,0.877432059866089,0.8807746894292039,0.8817420925713483,0.8815792859365095,0.8817353092422047,0.8843322991422298,0.884745255498532,0.8848573198216763,0.8841536960068024,0.885807909657776,0.8843840235222673,0.8826885125896534,0.8833266866766016,0.8838605060577972,0.8837624656948979,0.8834888269687664,0.883347846512349,0.8839592555238042
0.7997,0.7997015994031988,0.7997079970799708,0.7997341883042854,0.7997411860240453,0.7997475843502297,0.7997739785279602,0.799784376712685,0.7997987746456053,0.7998203725169951,0.7998331718060352,0.7998459715047284,0.7998659718540894,0.7998763724310521,0.8922607835196585,0.8920910493350642,0.8884972188727683,0.8861405178796358,0.8887389616943413,0.8792574049723537,0.8817350597703424,0.8825784103583496,0.8757355358553903,0.8786756639731241,0.8792078908740558,0.8769643289623914,0.8807402880838062,0.8827452567173116,0.882266136950286,0.8841185971443105,0.8868286543154922,0.8870412579802412,0.8888459486693142,0.8882685857442988,0.8879145511728074,0.8891533608720869,0.8900170327866327,0.8903897742663122,0.8896768606070932,0.8900819176230037,0.8907326318386246
0.7997,0.7997007997007997,0.7997047982287894,0.7997347878002388,0.7997403862404707,0.7997465842882259,0.7997743778890332,0.7997847761101482,0.7997925746941127,0.7998133723791121,1.0,0.7998379708347503,0.7998579708840312,0.9340242565546089,0.9151496737216449,0.9173334145146693,0.9152446442307168,0.8929469403644239,0.887880933967625,0.8897367264591906,0.8887617119353834,0.887386059061252,0.8843175217812197,0.8871761186526489,0.887249214564132,0.8883193008759247,0.8903767327092817,0.8905950622318083,0.8916188681453457,0.8929663608562691,0.892595827871311,0.8948571414830161,0.8960769889412815,0.8949960402393402,0.8945084539281599,0.8951122755030245,0.895444015072865,0.896417623644599,0.8968552579883967,0.8974992221999802,0.8978990653122427
0.7997,0.7997031988127953,0.7997055979391856,0.799729989199568,0.7997379868993449,0.799743585384367,0.7997663794413908,0.7997791770344116,0.7997887754979578,0.7998053731414936,0.7998221717253043,0.7998365710730799,0.799850170933161,0.8395779210365951,0.8554103961568164,0.8588517306284289,0.8772208458731505,0.8774648149917617,0.8722181838194322,0.8725173797741375,0.8759358560162955,0.8776837747539367,0.8830523784386181,0.8819514997792897,0.8815519079286512,0.8795561919723437,0.8781919858412144,0.8792507604584726,0.8815071502802687,0.8808013743151639,0.8822359637738733,0.883577231593139,0.8823520509256348,0.8823228973974149,0.883139169132552,0.884139020094281,0.8852166030523175,0.887857328023001,0.8885983201849355,0.8894291659663318,0.8906037178884824
0.7997,0.7997013991041974,0.7997045979321855,0.7997275885587195,0.7997331869261594,0.7997371858080337,0.7997683784591967,0.7997755771088652,0.7997883750282533,0.7998081723768222,0.7998217713051802,0.7998369706547178,0.8183670176080551,0.8400697911507302,0.85140464957205,0.8575754816298791,0.8584189385142755,0.8636222603940895,0.8618149774618817,0.8643518430187731,0.8652871962994566,0.8683328756457068,0.8706456756584865,0.8764166869002563,0.878382345802019,0.878775402578538,0.8798438070298423,0.8799400319999259,0.8796212992023091,0.8815935207781382,0.8812335508955156,0.881197053065239,0.8799907538501546,0.8799278828107224,0.8810078614676902,0.8823089595889114,0.8817034060471332,0.8822837857755464,0.8825824073182363,0.8824200622015451,0.8818819154872184
