0.8671443541306749,0.8671640015633763,0.8671787377221901,0.8671787377221901,0.867183649886426,0.8671983867130412,0.8672229492038135,0.8672426001982722,0.8672475130860393,0.8672573390285631,0.8672622520833215,0.8672671651937458,0.8672671651937458,0.8672819048590221,0.8672868181921186,0.8672966450253238,0.8673113856926764,0.8673261268611054,0.8673408685306365,0.8673556107012952,0.867375267708416,0.8673850965460974,0.8673900110484716,0.867399840220292,0.8674096696148812,0.867424414124473,0.8674489894210774,0.867517807660269,0.8677144913818023,0.8679211052968756,0.8683838836482447,0.8690345763250663,0.8704279646802632,0.8717513609548322,0.8731385420884831,0.8748099978285466,0.8764376864197673,0.8784241269695544,0.8803335250143761,0.8819513656448574,0.8837638908933468,0.8853892554957289,0.8873445161888643,0.8897063951461051,0.8916288578134738,0.8934814200920971,0.8950276243093923,0.8967314901593252,0.8980887235864885,0.899920641918702,0.90148923265359,0.902999380658861,0.9041833763503098,0.9054186725967283,0.9066143942579312,0.907624902917514,0.9089505714709811,0.9100257986280361,0.9110385089175727,0.9121567272228942,0.9134411713813493,0.914264897340038,0.9151119904836482,0.9161854035129716,0.9172118772018117,0.9181855803659787,0.9188965318543595,0.9197246052916156,0.9206482845716691,0.9211690163727277,0.922140034695451,0.9231186685962374,0.9241105383250232,0.9247636594279501,0.9256471185764298,0.9262183501225156,0.9269923159367109,0.9275483495710339,0.9282851373721327,0.9287412943774418,0.9295420598200299,0.9302876727312502,0.9307627767847372,0.931391337677271,0.9318618976893672,0.9321569487067076,0.932503304481303,0.933225232254761,0.9337147318215641,0.9339938624480657,0.9344043164852872,0.9346496208652332,0.9352205945239288,0.9355806662551717,0.9358551927767556,0.9361298804537255,0.9366281630855073,0.9369090386110074,0.9372245077872465,0.9376492925828382,0.937971007389072,0.9384770055049471,0.9388338321149978,0.9391736449802154,0.9396117327179323,0.9400271403746845,0.9402696311764887,0.9406336020448289,0.9408648409459659,0.9410441293082782,0.9413508128981479,0.9416229448705569,0.9419763721388137,0.9424344839049255,0.9426375872812581,0.9428291649473742,0.942997585374267,0.9431893094121778,0.9434101791425561,0.9436020710059172,0.9437358599900134,0.943945345015754,0.9440559440559441,0.9443296425377047,0.9446384716960176,0.9447667242656135,0.9450291675669003,0.9452275547817067,0.9454785755752912,0.9456888350774021,0.945951790999586,0.9460804004573123,0.9462909277471118,0.9464664387415069,0.9466010412673287,0.9468937875751503,0.947028511688617,0.9471222554241913,0.947333246700206,0.9475560617220526,0.9476557760637837,0.9478083209509658,0.9479315661397284,0.9480665857464886,0.9482251361110939,0.9483132425635245,0.9484953811267448,0.9486305614078573,0.9487834203056633,0.9488716305419025,0.9489716219734444,0.9491422442387456,0.94921875,0.9494189003138063,0.9495190071265095,0.9496780436967284,0.9498194542679522,0.9498901753471576,0.9499609069585614,0.9500611281083798,0.9501495760976155,0.9502026527964844,0.9503029249639966,0.9503737180601425,0.9505094343137073,0.9505684534712606,0.9506806100650802,0.9507750782530928,0.9509404427659205,0.9510113308816222,0.95119450744043,0.9512713444187607,0.951401404511839,0.9515315001740341,0.9516024764414829,0.9516734632981898,0.9517740461432292,0.9518509767835159,0.9519160816549872,0.9520344769687132,0.9521292144265394,0.9521943573667712,0.9522595092215346,0.9523128219164448,0.9524016896746941,0.9524668699060537,0.9525261324041812,0.9526980353597899,0.952781045202487,0.9528640695119598,0.952929313049324,0.9529827007712754,0.9531132292788614,0.9531725722397594,0.953243793547905,0.9532972165141043,0.953350645468642,0.9533862680990192,0.9534159556579684,0.9534931519647228,0.9535703607733705
0.8671443541306749,0.867159089621733,0.8671640015633763,0.8671640015633763,0.8671738256136038,0.867183649886426,0.8671885621063126,0.8671934743818506,0.8671983867130412,0.8672082115423833,0.8672082115423833,0.8672131240405367,0.8672229492038135,0.8672426001982722,0.8672573390285631,0.8672573390285631,0.8672720783598367,0.8672819048590221,0.8672868181921186,0.8673015585254343,0.8673113856926764,0.8673162993598097,0.8673261268611054,0.8673359545851133,0.8673457825318407,0.8673457825318407,0.867375267708416,0.8673949256065362,0.8674735661102234,0.8675866368195857,0.8677981089721788,0.8684282181026072,0.869335604770017,0.870368580541358,0.8714486574487826,0.8734822895745846,0.8749099886842917,0.8768041237113402,0.8787064779419361,0.8811949576929718,0.8829381672213026,0.8854455857856747,0.8873290867042642,0.8888850180285321,0.8909905715283436,0.8924449108079748,0.894488980297754,0.8961068608455914,0.8978780307562375,0.8991700781759341,0.9005453037406542,0.9027863777089783,0.9043489561796293,0.9057400811728651,0.9069097888675623,0.9082603098135305,0.9094365402322749,0.9107566734685378,0.9118904945140038,0.9129019177559393,0.9140247178936056,0.9148877680300241,0.9160319046450818,0.9174097511865382,0.9187090424638134,0.9197522334436787,0.9205098911670976,0.9211690163727277,0.9220289575754655,0.9228682521023601,0.923608764901781,0.9242946585440955,0.9248698089726085,0.925479243366764,0.9260614712696521,0.9265883463766273,0.9271775863948545,0.9281556929792651,0.9287131235554261,0.9292091798024922,0.9302311450307464,0.9307854128920072,0.9311703952410496,0.9315613647565673,0.9321285702978014,0.9324805847418913,0.932798761874006,0.9332024773237101,0.9335723825030643,0.9339995607291895,0.934398613264322,0.9348493823240249,0.9350549403565779,0.9352720163729114,0.9355177766099168,0.935872356033745,0.9362386555444115,0.936765713726258,0.9371671339544793,0.9376263213983855,0.9378503384690783,0.9381836901033846,0.9386956735014226,0.9390238666265925,0.9395713654441008,0.9398366996132359,0.9401021836849991,0.9405758100785195,0.9408474940847494,0.9410846232341985,0.9412292728513547,0.9413334481125984,0.9416229448705569,0.9419763721388137,0.9421212960398782,0.9422778639485929,0.9424808998171553,0.942625979015812,0.9427594913323275,0.9429569266589057,0.943392738297715,0.9437591315122709,0.9440384793266118,0.9442189793627493,0.9443587687372772,0.9445452189686447,0.9447434030263385,0.9449300051848011,0.9450116668107014,0.9451750324134099,0.9454435414144907,0.9455544918316297,0.9457472570920233,0.9459576361254604,0.9460804004573123,0.9462441358081922,0.9464137786075495,0.9465366613700019,0.9467005547001095,0.9469289293004268,0.9471046770601337,0.9472453222453222,0.9473801464172334,0.9475326025735453,0.9476557760637837,0.9478141890427751,0.9480548433842381,0.9482192629296996,0.9483543645115129,0.9485130111524164,0.948636439685461,0.9488716305419025,0.9490834020445993,0.94921875,0.9493070412054693,0.9494777841176908,0.9496073542000074,0.949736959650603,0.9498076684452166,0.9499668017349971,0.9500729202221739,0.9502026527964844,0.9504681252638637,0.9505802581822923,0.950692417561945,0.950763268702878,0.950928629107398,0.951170867790418,0.9513009004082597,0.9513954919178925,0.9515078437709769,0.9515965613481107,0.9516912116672158,0.9517799634432936,0.9518687317743469,0.951939758361885,0.9520285565035695,0.9521292144265394,0.952188434912954,0.9522713559712123,0.952348367029549,0.9524135399622992,0.9524550182913172,0.9525202058225123,0.9525379857887729,0.952597257137168,0.9526624641405875,0.952781045202487,0.9528937245577562,0.9530360944756403,0.9531191632424355,0.9532081815634632,0.95327347223433,0.9533743935931048,0.9535644211903205,0.9536951091120899,0.9537426408746846,0.9538198900948275,0.9538793210876555,0.9539328153137715,0.9539744260824048
0.8671443541306749,0.8671541777357358,0.8671640015633763,0.8671689135606662,0.8671689135606662,0.8671787377221901,0.8671885621063126,0.8671934743818506,0.867203299099885,0.8672131240405367,0.8672180365943466,0.8672229492038135,0.8672327745897228,0.867237687366167,0.867237687366167,0.8672426001982722,0.8672524260294693,0.8672622520833215,0.8672720783598367,0.8672769915815951,0.8672868181921186,0.8672917315808855,0.8672966450253238,0.8673113856926764,0.867321213082619,0.8673310406952699,0.8673506965887265,0.8673556107012952,0.8673801820994125,0.8674932284642497,0.8677243279089936,0.8681130491981763,0.8689112642321183,0.8704032203042915,0.8715925394548063,0.8731983048237233,0.8747550125993521,0.8765631441528102,0.8784795744461086,0.8803385873409277,0.882485185270585,0.8852254263063855,0.8874782608695653,0.8894169319792707,0.8911928560201652,0.8927363485806256,0.8944942067345615,0.8966106956068477,0.8988533147014097,0.9003069829806754,0.9016910019377904,0.9032551169116215,0.9049583845644567,0.9059598416390008,0.9075172949357109,0.9085028603983194,0.9096959361091469,0.9108433734939759,0.9122600021452322,0.9132395576076452,0.914112041272078,0.9153308500397606,0.9164212341067453,0.9173602746867529,0.9181470330698461,0.9192496607380898,0.9201779166917112,0.9209085768596831,0.9216625928646254,0.9225123381279791,0.9232411439047631,0.9239432199502692,0.9245570170670725,0.9252890583919106,0.9260278612863615,0.9268295636169903,0.9273797841020608,0.9280544138507983,0.9285103440746738,0.9290456481897295,0.9296944743026836,0.930214188060155,0.9308306884097625,0.931425338127658,0.9319583361235062,0.932304544291926,0.932633964471087,0.9330489105591955,0.9335325324714921,0.9341192406963335,0.9345012818947626,0.9349578600219861,0.9354206001503126,0.9358094271689763,0.9364620099463533,0.936771445879711,0.9375861245337792,0.9378733206314976,0.938206688606571,0.9384367356696683,0.9389317190748679,0.9392139780856207,0.9395137039264542,0.9398886303497646,0.940154143765161,0.9404371383288489,0.9408648409459659,0.9412697827129524,0.9417909345932378,0.9419126197463868,0.9421212960398782,0.9422952635952359,0.9425041094878378,0.9426724137931034,0.9428349715468184,0.9431195825606968,0.9433636716559548,0.9435090227788187,0.9438173153394204,0.9440151940259852,0.9441956851570884,0.9443820709905864,0.9445860147713039,0.9448017082834467,0.9449883334773644,0.9452275547817067,0.9454493802609882,0.9456012155876885,0.9458056863253883,0.9460453216825999,0.9461856523915771,0.9463026264549349,0.9464020771513353,0.94663030775224,0.9467532467532468,0.9469172151021822,0.9470636634147247,0.947257044562971,0.9473684210526315,0.9475619266906822,0.947761378832153,0.9478963499582056,0.9479667849380469,0.948072457036693,0.9482075167851746,0.9483837395150599,0.9485835378095026,0.9486834685290417,0.9488598682294023,0.9490069180986387,0.9491245908144034,0.9492599505186857,0.9493894611506285,0.9494777841176908,0.9495484543244183,0.9496898263027296,0.9498076684452166,0.9498960692458039,0.9500375447589379,0.9502262443438914,0.9503265214908251,0.9504858287026977,0.9505920631865232,0.950692417561945,0.9508223193878566,0.9508636592319303,0.950993607861895,0.9510999558899361,0.9512299691187345,0.951377754576979,0.9514960160105411,0.9515433288166777,0.951620222162824,0.9516852954706518,0.9517503776787213,0.9517917982641566,0.951845058600429,0.9519338390747419,0.9520463181199121,0.9522239707409919,0.95228912664842,0.9523898396819768,0.9524905740203825,0.9525557664188159,0.9526565358623007,0.9527513971695647,0.9527929049323168,0.9528937245577562,0.9529649041992954,0.9530776270490017,0.9532081815634632,0.9532794081933833,0.9533447086223861,0.9535050294291676,0.9535584816812627,0.9536416415418733,0.9536891679748822,0.9537366991452565,0.9537664085327485,0.9538080047849274,0.9538793210876555
0.8671443541306749,0.8671492659053833,0.8671541777357358,0.8671640015633763,0.8671689135606662,0.8671787377221901,0.867183649886426,0.8671983867130412,0.8672131240405367,0.8672278618689386,0.867237687366167,0.8672426001982722,0.8672622520833215,0.8672671651937458,0.8672819048590221,0.8673015585254343,0.8673113856926764,0.867321213082619,0.8673310406952699,0.8673359545851133,0.8673408685306365,0.8673457825318407,0.8673605248695475,0.867370353373107,0.8673850965460974,0.8673850965460974,0.86740475488974,0.8674194992322468,0.8674489894210774,0.8675669702310451,0.8677587575104864,0.8681524328002722,0.8687140376561915,0.8694442235827304,0.8709578317365678,0.872934414451401,0.874760010970927,0.8763172807775749,0.8781872938476982,0.8799843650305514,0.8828719723183391,0.8851332990280821,0.8873342298061764,0.8889366322720753,0.8909387185008438,0.8925229558373415,0.8949805324634326,0.896999455085575,0.8984260378642942,0.9003122776271605,0.9017016238757444,0.9033510553552567,0.9055847052073043,0.907565715369749,0.9087347520256434,0.9102151720365537,0.9113530696924057,0.9124829382558576,0.9135828991890005,0.9145816904437594,0.9155662408497202,0.9164760958321859,0.9171789065027499,0.9180148954797855,0.9189903052495723,0.9199788469165775,0.9208698005955066,0.9216403982998808,0.9224122867799021,0.9232912568075315,0.9239487962532666,0.9247189721720537,0.925691895585292,0.926240765726248,0.9268127304318345,0.9272899075678098,0.9279194093901153,0.9286173555423455,0.9290456481897295,0.9294179071857015,0.9298412910514392,0.9302537552865685,0.9307005331663516,0.9310797825108562,0.9316407319730043,0.9321683005541009,0.9328101293589329,0.9333276431785205,0.9338571245569837,0.9342503539520578,0.9345982674309994,0.9349807006400547,0.935289158245867,0.9356664384901232,0.9360440232344849,0.93650783940686,0.9368689032226479,0.9372359833967994,0.9376320640889798,0.9379480204389222,0.9382009388750658,0.9384137258868314,0.9387417218543046,0.939018106874724,0.9392773656794714,0.9395598325743534,0.9398886303497646,0.9402003353252225,0.9403331613473871,0.9404775800318222,0.940662500691257,0.9409400180701787,0.9411540495014201,0.9412871451496874,0.941443435908789,0.941651904340124,0.9417793471707864,0.9420285396065498,0.942243066582961,0.9424925045096072,0.9426085671537027,0.9428640056169049,0.9431137724550899,0.9432706704375312,0.9434857635893011,0.943724224659257,0.9439220643092765,0.9441898617852583,0.9444519846508815,0.9448017082834467,0.9449533356377463,0.9450933425523509,0.9452217186747509,0.9454260253077004,0.9456304202801868,0.945758942361154,0.9459050325929129,0.9460336293357557,0.9461447183011544,0.9462675311991989,0.946396226531735,0.9465191047359961,0.946647868511854,0.9467766673263408,0.9469347865082359,0.9470870993485644,0.9471808546839328,0.9473801464172334,0.9475326025735453,0.9476557760637837,0.947796584985327,0.9479550450478343,0.9480607145290041,0.9481605351170569,0.9483602393666448,0.9485482731700063,0.9486129270121388,0.9488010610408364,0.9490363335420399,0.9492776089787314,0.9493894611506285,0.9494424529589065,0.9496073542000074,0.9497840976771889,0.9498548134911772,0.949996276714573,0.950179062420477,0.9503206222492597,0.9504209193175892,0.950544844928751,0.9506983214203653,0.9508459417157338,0.950928629107398,0.9510408707158432,0.951170867790418,0.9512713444187607,0.951312723318316,0.9514132299202028,0.9515315001740341,0.9515729017099596,0.9516852954706518,0.9518213866039953,0.9519515971570169,0.9520285565035695,0.9520818433409,0.9521647458343958,0.9522298936368726,0.9523246699926596,0.9524727958240268,0.9526144502591738,0.9527270916830549,0.95276266819353,0.9528101076741147,0.9528872069066396,0.9529821154001781,0.9530592424732923,0.953094843794748,0.9531185794867325,0.9531838587359206,0.9532491469276944,0.9533381906950387
0.8671443541306749,0.8671492659053833,0.867159089621733,0.8671640015633763,0.8671689135606662,0.8671885621063126,0.8671983867130412,0.867203299099885,0.8672131240405367,0.8672180365943466,0.8672278618689386,0.867237687366167,0.8672524260294693,0.8672622520833215,0.8672720783598367,0.8672868181921186,0.8673015585254343,0.8673064720812182,0.8673113856926764,0.8673113856926764,0.8673162993598097,0.8673261268611054,0.8673310406952699,0.8673310406952699,0.8673359545851133,0.8673556107012952,0.8673654390934844,0.8673900110484716,0.867444074250357,0.8675423882491613,0.8676899010394822,0.8681327405525564,0.8686105295409283,0.8696319018404908,0.8706853896159293,0.872213264660806,0.8738811763631382,0.8754903867049445,0.8768744343761814,0.8793222286042505,0.8811188811188811,0.8829636294425027,0.885030957873012,0.8867226189855602,0.8884413828324038,0.8904982113253643,0.8921432650730196,0.8941128372853638,0.8959862345050391,0.8972307692307693,0.8985947900402662,0.8996192088005077,0.9019831964460365,0.9036656631839916,0.9051938222842412,0.9068238360383841,0.9082225913621262,0.9092204899777283,0.9102692932019669,0.9110764616263569,0.9120534756809571,0.9129672479187042,0.9140247178936056,0.9147620328045173,0.9157086289193813,0.91659132683914,0.9180093905722493,0.918918594460918,0.9193821540531126,0.9200175481823809,0.9205597079993506,0.9213686016069332,0.9218512898330804,0.9223622692437461,0.9227736856698533,0.9233803598463144,0.9241495879991549,0.924450939305922,0.9248306984105888,0.9253729538915351,0.9258038570625124,0.9267005248215788,0.9270652924291787,0.9274865351177458,0.9279475320802294,0.9282795086042761,0.9286398874155313,0.929000546149645,0.9295025531113958,0.9298525865681886,0.9302424500212676,0.9306382978723404,0.9309891874141014,0.9312610256098303,0.9318959325046567,0.9325828322886017,0.9329465607917461,0.9332593667320986,0.9336065423809436,0.9338514280137128,0.9340736447115531,0.9343586926668498,0.934695273100265,0.9351006321961947,0.9353920226806139,0.935872356033745,0.9361699525463529,0.9363130951725657,0.9366453547064761,0.9369663808457118,0.9372646736501834,0.9376722648928743,0.9380342273119979,0.9381664419659272,0.9384022214185449,0.9385460475495666,0.9388338321149978,0.9390987498313069,0.9392831286122735,0.9394502844308621,0.9396290340399936,0.9397616986795824,0.9398540092211165,0.9400213683085878,0.9402003353252225,0.9403851469639731,0.9406856208869199,0.9409168853678175,0.9411193350874173,0.9413160839676821,0.9415534494104912,0.9417387934375404,0.9418952342279154,0.9420053533519983,0.9421154982276487,0.9422488659654219,0.9425041094878378,0.9427130479762059,0.9428872341604922,0.943078913324709,0.9433404196321287,0.9435032078739284,0.943683503260883,0.9437765859071574,0.9439213727702657,0.9440377891380894,0.9441251202605028,0.9442357628801756,0.9444454726607565,0.9446494464944649,0.944801026957638,0.9449059957781426,0.9451043338683788,0.9452560603628191,0.9454720628470142,0.9456414311128681,0.9457933301207201,0.9459218981710331,0.9460797340139544,0.9462142283206626,0.9463487608721185,0.9465008872209273,0.9466647703029442,0.9467467331276013,0.9469107013626439,0.9470102812179099,0.9472329472329473,0.9473325948799188,0.9474029470192528,0.9475847384188765,0.9477313952120645,0.9478722284483025,0.948007232914716,0.9481598929752629,0.9483126022102185,0.9483713496301619,0.9485006195786865,0.9486475600309837,0.9487004697395982,0.9487475055466726,0.9488651154718665,0.9489768719121741,0.9490651192778853,0.9491474982949966,0.9492063492063492,0.9493417340022449,0.9494948241963395,0.9495537181880772,0.9496538547430585,0.9497952599578111,0.9499131298088855,0.9500192376909806,0.9501902391489203,0.9502787123365901,0.9504026024820428,0.9504734113556639,0.9505442307811715,0.9506268667838226,0.950721325524925,0.9508335196641077,0.9508925798476962
0.8671443541306749,0.867159089621733,0.8671787377221901,0.8671885621063126,0.8671934743818506,0.867203299099885,0.8672082115423833,0.8672180365943466,0.8672426001982722,0.8672524260294693,0.8672622520833215,0.8672819048590221,0.8672917315808855,0.8673015585254343,0.8673113856926764,0.8673113856926764,0.8673162993598097,0.8673359545851133,0.8673457825318407,0.8673506965887265,0.8673605248695475,0.8673654390934844,0.867375267708416,0.8673801820994125,0.8673949256065362,0.8674293290723962,0.8674539046474995,0.867517807660269,0.8677440016324403,0.8681327405525564,0.8686992492722537,0.8699976131752725,0.8708587421498134,0.872640837242708,0.8742105323267739,0.8758660541115758,0.877417210192689,0.8793878922607662,0.8816669258280205,0.8836363636363637,0.8853994968335213,0.8874525376076056,0.8891947934273119,0.8908557662092804,0.8924969393109077,0.8939353241384143,0.8952212761976048,0.8967262375454689,0.8981572200482256,0.9000476215672787,0.9014149193619615,0.9030526471021973,0.9042421235425453,0.9052473479428078,0.9064479838948428,0.9083249773052254,0.909360910964722,0.9104533533158486,0.911510431551872,0.9128910303044759,0.9139974327591869,0.9148823005623518,0.9161963696863423,0.9173657718120806,0.9183563287342531,0.9191503158096976,0.9199843754694871,0.9207479535927153,0.9216126565970947,0.9226012908824646,0.9233023937469468,0.9240826477210308,0.9248753964657906,0.9253785474657721,0.9260614712696521,0.9266612592762975,0.9276270344292691,0.9281275576707387,0.9286567870379919,0.9293219937717397,0.9297961117285862,0.9301633208574345,0.930683559078861,0.9310797825108562,0.9314990142867574,0.9320434454374985,0.9326737378229693,0.9330659710371056,0.9334756097560976,0.9340337518761211,0.9344214265659143,0.934769467494642,0.9349692801915255,0.9353863073962057,0.9356950327300732,0.9361585030269676,0.9365192974728844,0.9367943751950507,0.9371613969575464,0.9374598139654508,0.9377699097697383,0.9380457227590517,0.938292943036811,0.9386093450151132,0.9388568625045995,0.9391966920448341,0.9395252356637863,0.9397905437758597,0.9402118839244588,0.9405526952803411,0.9408706233751867,0.9411887664764903,0.9415187055270943,0.9417735535664852,0.9419937606527317,0.9422546654192723,0.9425505322587596,0.9428175519630485,0.9430324384925279,0.9433636716559548,0.9435613601484157,0.9438464099434025,0.9439977308043312,0.9441491001936526,0.9444170265268352,0.9446268140981341,0.9448366948922409,0.9450408350978129,0.945204210786281,0.9455947027721501,0.9459335879088966,0.9460972745812991,0.9462142283206626,0.9463136617358892,0.9465418526716708,0.9467174590610004,0.9467642984365723,0.9468697039795149,0.9470044229995979,0.9471157415427256,0.9473032845721641,0.9475554125067313,0.9476375296353383,0.9478252793858155,0.9480189742510001,0.9482303680487594,0.9483889752755252,0.948494742907417,0.9486416815387666,0.9487357461576599,0.9489062858347125,0.9489945200724045,0.9490886546807191,0.9492240059028876,0.9494241610488517,0.9494889351989679,0.9495713878102942,0.9497009851361076,0.949883659603512,0.9500546122530037,0.950272813611506,0.9503377036154151,0.9504911152227092,0.9505737419899657,0.9507095171557212,0.950798087075337,0.9509575545243908,0.9511170754740426,0.9512234525096621,0.9513180298529722,0.9514776717735169,0.951554555512736,0.9517201934673679,0.9517852812991551,0.9519095646118069,0.9520279598512457,0.9521345407503234,0.9522589152976743,0.9523714726521674,0.9524485009114607,0.9525670302592854,0.9527033754854127,0.9528160379413577,0.9528812757534639,0.9529702508045791,0.9530355097365406,0.9531126454529041,0.9531957286510383,0.9532669543504387,0.9533322539263429,0.9533916249408365,0.9535044502438447,0.9535757220896842,0.9536351234341031,0.9536767087787495,0.9537123562466515,0.95378365917785,0.9538074291909135,0.9538312003887899,0.9538965772928648,0.9540035770148751
0.8671443541306749,0.8671492659053833,0.867159089621733,0.8671689135606662,0.867183649886426,0.8671983867130412,0.8672180365943466,0.8672327745897228,0.867237687366167,0.8672524260294693,0.8672524260294693,0.8672819048590221,0.8672917315808855,0.8673015585254343,0.8673064720812182,0.8673162993598097,0.8673162993598097,0.8673359545851133,0.8673457825318407,0.8673605248695475,0.867370353373107,0.8673801820994125,0.8673900110484716,0.867399840220292,0.8674096696148812,0.867424414124473,0.8674637352674524,0.8675276397286745,0.8677144913818023,0.8682410589716542,0.8689161960439311,0.8698641423238425,0.871051987732784,0.8722530211781597,0.8736916597230941,0.8752301130841442,0.8772261569139792,0.8800501276184782,0.8820936543879967,0.8842590453306224,0.8860400509318208,0.8877664633156271,0.8896133328684495,0.8915353929476167,0.8931373864544622,0.8946667134191241,0.8966369525237499,0.8982731609428084,0.8997831210584163,0.901261023654496,0.9028289702595435,0.9045252852306365,0.9057668755213972,0.9075119152064117,0.9088264627659575,0.9098256895455329,0.9110493522259978,0.912504693954187,0.9135392859487167,0.9145106660055794,0.915560765269812,0.916492555630721,0.9174757281553398,0.9183453107941116,0.9193490271438867,0.9201834476374805,0.9210249252483199,0.9221344802038346,0.9228626888345008,0.9235419029463575,0.9242276972488696,0.924808351003099,0.9254456756315628,0.9261230959093054,0.9266107798928669,0.9270428369000472,0.9276157929179089,0.9281894576012223,0.9288145465135327,0.9292599426989754,0.9297961117285862,0.9303498611372766,0.9308589878451426,0.9314423392837586,0.9318959325046567,0.9322988666743806,0.9326794200073109,0.9331000938646642,0.9335211473730426,0.9339767680218654,0.9343700982037683,0.9347295152033215,0.9351291918636614,0.9353920226806139,0.9357522264533835,0.9361756774110698,0.9365995117862628,0.936823038417761,0.9371040308511616,0.9373392765300874,0.9378101223949719,0.9381779406537646,0.9386035903472632,0.9389202019024956,0.9392427895676502,0.9394272249188456,0.9398828599845287,0.9401483701392812,0.9404140303458444,0.9407376454828125,0.9411251206452446,0.9413855443912877,0.9415939871821682,0.9419589842668422,0.9421618827236473,0.94235326705857,0.9425157147518578,0.9426724137931034,0.9429569266589057,0.9431370133070478,0.9432997313484337,0.943514837755385,0.9436776862051323,0.9438638675668177,0.9440151940259852,0.944178215257091,0.9443296425377047,0.9444927724000074,0.9446326428611096,0.9447900466562986,0.9449941667026747,0.9451633615686662,0.9452975936869015,0.9456304202801868,0.9458173730384283,0.9459927083977013,0.9462090448906937,0.9463026264549349,0.9464371823880707,0.9465893351800554,0.9467591017878898,0.946923072165076,0.947110536442319,0.9472042964182078,0.9472863516264565,0.9474270507782282,0.9475853872912514,0.9477320423690515,0.9478552677200456,0.9479491752117699,0.9481370460288362,0.9482838719268578,0.9484307433060329,0.9485952932720311,0.9488657493492004,0.9489069192291719,0.9489598571818204,0.9490892859356983,0.9492010937296553,0.9493482493891776,0.9494365646880795,0.9495131179060968,0.9496780436967284,0.9498901753471576,0.9499426018429462,0.9500310289189524,0.9501902391489203,0.9503023079692602,0.9504144032283098,0.9505324268107168,0.9507036130811173,0.9507862767992448,0.9508689548938496,0.9509221126909292,0.9510461706674619,0.9511170754740426,0.9512116316639742,0.9513357651986403,0.9514658446086627,0.9516137053060818,0.9517616119666515,0.9518385416019001,0.9519628388252194,0.9520753261937634,0.952140462611097,0.9522050133731418,0.9522938633324002,0.9523827298743313,0.9524775391354122,0.9525249508449688,0.9526257164014711,0.9527146448930821,0.9527917296836392,0.9529222092885732,0.9529874624933079,0.9530586580005728,0.9531298641463384,0.9531951457942878,0.953307926069845,0.9533138626131035,0.9533791694691478
0.8671443541306749,0.8671541777357358,0.8671689135606662,0.8671787377221901,0.8671885621063126,0.8671983867130412,0.8672082115423833,0.8672082115423833,0.8672180365943466,0.8672229492038135,0.8672229492038135,0.8672426001982722,0.8672524260294693,0.8672622520833215,0.8672671651937458,0.8672720783598367,0.8672720783598367,0.8672868181921186,0.8672966450253238,0.8673064720812182,0.8673310406952699,0.8673457825318407,0.8673556107012952,0.8673556107012952,0.867375267708416,0.8673850965460974,0.86740475488974,0.8674342440760173,0.8674981441920294,0.8676358071920428,0.8680441364919881,0.8686203863939402,0.8694639753739904,0.8703586839726425,0.8715478813342215,0.8732481133528415,0.875250128637585,0.8769045709703288,0.8793323300669738,0.8811239524818123,0.8829840002768518,0.8848928348477492,0.886322188449848,0.8881733530589156,0.8898718872794066,0.8918470187294282,0.8937630993595544,0.8953626426328072,0.8976358561812511,0.8993338267949667,0.9010806611103264,0.9021479713603818,0.9036123244008972,0.9049690836220045,0.9062709044949474,0.9076033792796798,0.9090045423507407,0.9099013961449994,0.9111361079865017,0.9130053614985956,0.9140083466174705,0.9148221627306626,0.9159606547960942,0.9178057553956834,0.9187807205487838,0.919536777867208,0.9201447324133288,0.9215128002937476,0.9223733837830022,0.923113102308838,0.9239376437145805,0.924646364591764,0.9253226147662366,0.9259830517701283,0.9267958978581201,0.9273236092265943,0.9277450867507409,0.9285328707550661,0.9289385379943083,0.9294969095700113,0.9298921230380485,0.9303611690134853,0.9308137095744486,0.9312043795620438,0.9316747506344444,0.9321683005541009,0.9325941945112851,0.9330830321389172,0.933669175316834,0.9341705415003845,0.9346039730894616,0.9350378070679062,0.9354606115415638,0.935775105900475,0.9360840879768624,0.9363760917965405,0.9367485176867959,0.9370810863750161,0.9372646736501834,0.9374655546166,0.9378101223949719,0.9380629664579223,0.9383907172323328,0.9386899177749572,0.9389662722873388,0.9393984021206877,0.939582898596978,0.9398713194666143,0.9401656912296648,0.9404429155020426,0.940627822528617,0.9407954573388068,0.9410267758353618,0.9413508128981479,0.9415997785773595,0.9418025223008305,0.9420749155400208,0.9422546654192723,0.9425795488129248,0.9428523917742919,0.9430963425677799,0.9432764824764628,0.9434973930407129,0.9437649495721648,0.9439686268706413,0.9443354676338873,0.9445335636722606,0.9447200829383886,0.9448950116653705,0.9451691969550104,0.9454143482637453,0.9455953748656561,0.9457297297297297,0.9459459459459459,0.9460687072433676,0.9462090448906937,0.9464020771513353,0.9466361612663864,0.9467942335166024,0.9470929585132577,0.9473039367350222,0.9474035980171918,0.9475267379679144,0.9476264461377522,0.947790717111495,0.948007876843813,0.9482133898210603,0.9483602393666448,0.9484601230414661,0.9485894155043467,0.9486952264685287,0.9487716601799747,0.9489951524318427,0.9492128645035683,0.9493659111345385,0.9494895617549648,0.9495955736403334,0.9496780436967284,0.9497899902595187,0.9498371335504886,0.9499137513805984,0.9500080672185471,0.9501076790357916,0.9501961368489001,0.9502315245862972,0.9503318041579499,0.9504144032283098,0.9504439063761098,0.9504911152227092,0.950550132876338,0.950603255031265,0.950691805151899,0.9507567523926045,0.9508270032235424,0.9509037828436548,0.9509864824570122,0.9510514708166372,0.951110558851853,0.9511519248452917,0.9512583110669235,0.9514356743318831,0.9515421240412227,0.9515835275835276,0.951654513467982,0.951885290752624,0.951932643518058,0.9519918411004564,0.9520392044677173,0.9520806512802333,0.9521635557324741,0.9522760920140833,0.9524242066034977,0.9524953179733825,0.952554585560416,0.9526672142981605,0.952738361961663,0.9527917296836392,0.9528273114866337,0.9528984830659869,0.9529340728429414,0.9529755976095617
0.8671443541306749,0.8671541777357358,0.8671640015633763,0.8671689135606662,0.8671738256136038,0.867183649886426,0.8671934743818506,0.8671983867130412,0.867203299099885,0.8672131240405367,0.8672229492038135,0.8672327745897228,0.8672426001982722,0.8672671651937458,0.8672769915815951,0.8672917315808855,0.8673064720812182,0.867321213082619,0.8673408685306365,0.8673605248695475,0.8673654390934844,0.8673850965460974,0.8673850965460974,0.8673900110484716,0.867399840220292,0.867399840220292,0.8674293290723962,0.8674637352674524,0.8675620537232234,0.8677095732018364,0.8680736691691805,0.8687041786776222,0.8693899107837514,0.8701459621680611,0.8712502774410544,0.8729543251411301,0.8743153794753765,0.8761969082136664,0.8785602378178604,0.8800248331522582,0.8817278617710583,0.8833814195037507,0.8851281814082032,0.887195386978065,0.8891431492011128,0.8910009428581406,0.8925749934408069,0.8945517015706806,0.8965581863861836,0.8985525960533884,0.8996403554134738,0.9009162758125548,0.9023340799245549,0.9036816660468575,0.9048300156035747,0.9060885314014808,0.9077163897684016,0.9094257352810137,0.9103396603396603,0.9115538512837612,0.9123633004559135,0.9129563589089131,0.9141939220943633,0.9151174606969933,0.9158729778883891,0.9169042428307899,0.9178662861459689,0.9185987903225806,0.9197246052916156,0.9205818505445077,0.9215183472984686,0.9221622533310845,0.9227736856698533,0.9235251889700604,0.9240714919508176,0.9247022155645219,0.9250765911933724,0.9253729538915351,0.9259214457656437,0.9266612592762975,0.9272000484525468,0.9277507090393426,0.9282344809187151,0.9286736872755508,0.9291358654091256,0.9295759253861848,0.9302424500212676,0.9307571179299485,0.931232701724505,0.931776821526607,0.9321001936167362,0.9324919444732082,0.9328442334761229,0.9332479882955377,0.9336122359369664,0.9341192406963335,0.9349064727112837,0.9353348729792148,0.9355978194441049,0.935975348797398,0.9363360020550584,0.9365536733532769,0.9369606463063835,0.9372130324587072,0.9375287064198272,0.9376722648928743,0.9378905579925013,0.9381261987780889,0.9384194782267556,0.9387589911514193,0.9391390765040396,0.9393695810911143,0.9396867097154362,0.9399001712928001,0.9401772389778359,0.9404082535275292,0.940541138307284,0.9407781130359436,0.9409920708095151,0.9411424777455368,0.9413739669421488,0.9415244959962608,0.9417040358744395,0.9418604651162791,0.9420459300465208,0.9422256688639007,0.9423938737319019,0.942625979015812,0.9428001330229464,0.9430266294605733,0.9432532347504621,0.9434159929008085,0.9435613601484157,0.9437533135241101,0.9438987847511237,0.9440443008312572,0.9442248030937563,0.9443762453194495,0.9445160812670051,0.9446443006028594,0.9449416702672675,0.9450875081026021,0.9452917567150355,0.9453851569157805,0.9455077726927424,0.9457122030170869,0.9458290600402822,0.9459751719365025,0.9462265900241054,0.946407927843273,0.946554218655323,0.9466244543104835,0.9467825226506694,0.9469289293004268,0.9470753812366606,0.9471281150238808,0.9473039367350222,0.9474153242525698,0.9475326025735453,0.9476381778902996,0.9478317937541791,0.9480196180426543,0.9481429181917839,0.9482192629296996,0.9483249913276178,0.9484013653906913,0.9485423959850058,0.948636439685461,0.9487422611411679,0.9488363444792215,0.9489128009322391,0.9490128010414407,0.9492128645035683,0.9493364752573484,0.9495131179060968,0.9495955736403334,0.9497192840969013,0.9497899902595187,0.9498724940900546,0.9499255398361877,0.9500493362873047,0.9501436790526492,0.9502734309532529,0.950379617960927,0.9505035328010332,0.9505625512256911,0.9506747064266331,0.9508046034121892,0.9509109091699639,0.950993607861895,0.9511590484060366,0.9512122379490748,0.9512890777920698,0.9513718422769786,0.951454621164567,0.9515078437709769,0.9515729017099596,0.9516675473222889,0.9517148771890561,0.9517917982641566,0.951845058600429
0.8671443541306749,0.8671492659053833,0.8671492659053833,0.8671689135606662,0.867183649886426,0.8671885621063126,0.8672082115423833,0.8672229492038135,0.8672278618689386,0.8672278618689386,0.8672426001982722,0.8672622520833215,0.8672671651937458,0.8672819048590221,0.8672819048590221,0.8672917315808855,0.8672966450253238,0.8673064720812182,0.8673064720812182,0.8673113856926764,0.8673162993598097,0.8673261268611054,0.8673457825318407,0.8673556107012952,0.8673801820994125,0.8673850965460974,0.8673900110484716,0.8674145843957165,0.8674932284642497,0.8676849831382663,0.8679161847744744,0.8685021189205135,0.8692961137483817,0.8703834258164287,0.8714288153827764,0.8734573712407785,0.8749249892841835,0.8771658415841584,0.8793222286042505,0.8820275860479587,0.8835802633021858,0.8853431724074117,0.8867791190713409,0.8886786209779006,0.8901409433435669,0.8934866347612933,0.8951218228700731,0.8965686877382856,0.8980623815753196,0.8995663466171511,0.9017228685024297,0.902983401951185,0.9049530351305499,0.9061153463705668,0.9073075327446216,0.9083734839674364,0.9094095283355115,0.9104750123406862,0.9115267134665881,0.9126896592839896,0.9138337561557976,0.9146363321344502,0.9156921972665012,0.9163170149217997,0.9171019840889485,0.9178002529960851,0.9185050968063213,0.9190951334606102,0.9198517085363729,0.9205209611083051,0.921346421198972,0.9219179072120248,0.9227069445616404,0.9236756365391577,0.9241161166478531,0.9246519493854377,0.9253170218681624,0.9259662493195427,0.9263640709431862,0.9270596784449087,0.9275876903314934,0.9282795086042761,0.9288934463530512,0.9293784110294252,0.9299034197898317,0.9307231662461622,0.9311647314287105,0.9315273543746919,0.9320320966308279,0.9324919444732082,0.9328044455818375,0.933151282785861,0.9336236232573457,0.9340280531777941,0.9349692801915255,0.9353977380348644,0.9357693859338134,0.9360840879768624,0.9365937817367578,0.936823038417761,0.9370524073598002,0.937413891287176,0.9377354445499372,0.9381491944626585,0.9384770055049471,0.9387532346484504,0.939052666445843,0.93931194433707,0.9395540662456502,0.9397559298728085,0.9399059418706025,0.9402176583304672,0.9404544700613701,0.9407492072855984,0.9409920708095151,0.9412987204633632,0.9416055700437928,0.9418025223008305,0.9419995569666987,0.9422140707414497,0.942451889336239,0.9426317831127968,0.9428059392647974,0.9428988488614877,0.9430731037201767,0.9433346068052697,0.9436137033247451,0.9437184071014671,0.9438522290794528,0.9439569857996412,0.9440675875678343,0.9442248030937563,0.9444461581171535,0.9445277361319341,0.9446617877550013,0.9448308636108351,0.9449416702672675,0.9451808679438658,0.9452975936869015,0.9453793188625066,0.9455544918316297,0.9456829932729194,0.9458349036495178,0.9460453216825999,0.946203196657478,0.9463260247383679,0.9465659238740632,0.946712263538375,0.9468293678527031,0.946923072165076,0.9470343701284241,0.9472863516264565,0.9473918720720832,0.9475032802713341,0.9476440438755045,0.947790717111495,0.9479433054483984,0.9481076863051112,0.9481898981140255,0.9483249913276178,0.9484601230414661,0.9485894155043467,0.9486481964592228,0.948748140803173,0.9488833931460235,0.9490186840571804,0.9490892859356983,0.9491481288594599,0.9492776089787314,0.9494012365968161,0.9496191350519813,0.9497899902595187,0.9498783877692842,0.9499491176251582,0.9500493362873047,0.9502498370627851,0.9503914179822573,0.9505212375589069,0.9505979657985917,0.9506806100650802,0.9507750782530928,0.9508872836139803,0.950928629107398,0.9511235920152588,0.9512122379490748,0.9512477009494458,0.951377754576979,0.951454621164567,0.9515255859629931,0.9516024764414829,0.9516675473222889,0.9517917982641566,0.9518332224550321,0.951939758361885,0.9519811954331766,0.9520700013059945,0.9521410579345088,0.9522002798942621,0.9523128219164448,0.952348367029549,0.9524609440618176
