0.0,0.08659014855355271,0.2027049574694706,0.15303891840096862,0.13071304474436687,0.1413953915322496,0.1609016536897679,0.07551647894690305,0.05237864202765094,0.15225799865443376,0.07462948556703805,0.1869155153160179,0.14567883941268644,0.1652531115200393,0.09299100823354928,0.33133776700720663,0.054395604112469735,0.0628214579308208,0.11516923485849874,0.06144204576058802,0.010101010101011576,0.06060606060606122,0.11516923485849886,0.04285495643554812,0.15016231057897456,0.08329506314379163,0.0606060606060603,0.2078822326293254,0.028569970957032027,0.07142492739258166,0.10288073856433946,0.10012984938658293,0.06467802260033267,0.01428498547852597,0.022586545227268988,0.06396771510298668,0.022586545227270525,0.05050505050505074,0.07283941970634472,0.05150524761204939,0.1317010586909633,0.08630306813452027,0.1293560452006634,0.13551927136362377,0.06467802260033181,0.10879120822494007,0.022586545227271444,0.05050505050505129,0.17201400369622655,0.04285495643554683,0.061442045760588135,0.01010101010100608,0.010101010101011576,0.09312671168982764,0.06467802260033181,0.05713994191406405,0.07353646352808772,0.0505050505050506,0.05889850398833602,0.10545764150414685,0.06467802260033267,0.03194219858756405,0.10545764150414698,0.030303030303031067,0.010101010101014324,0.05050505050504909,0.061442045760588475,0.05439560411247054,0.1328580448279382,0.07070707070707073,0.047260402344111226,0.07142492739258059,0.02258654522726407,0.05889850398833555,0.08091024160883865,0.07353646352808622,0.10545764150414712,0.03979173643064198,0.0364197098531716,0.12776879435023733,0.03030303030303015,0.022586545227268988,0.05439560411247003,0.03194219858755949,0.05439560411247003,0.07353646352808622,0.11516923485849778,0.1373885909973276,0.03641970985317236,0.04040404040404012,0.06388439717511898,0.10101010101010038,0.0,0.028569970957036398,0.010101010101008829,0.04096853259221474,0.07353646352808622,0.0364197098531714,0.0903461809090818,0.07070707070707083,0.0,0.10151389516283789,0.07353646352808546,0.07353646352808471,0.05050505050505019,0.022586545227273904,0.014240427039720898,0.08572405178443654,0.03030303030303061,0.022586545227268988,0.08689217441457063,0.058898503988336376,0.07070707070707162,0.014284985478514313,0.022586545227268988,0.08689217441457255,0.0749083120505564,0.07889141086774284,0.010101010101000585,0.028569970957036398,0.05150524761204831,0.06144204576058983,0.03030303030303015,0.022586545227268988,0.060606060606059386,0.03194219858755939,0.022586545227271444,0.022586545227273904,0.0,0.022586545227269602,0.04517309045454105,0.0690873763573243,0.03661078170528685,0.08630306813452154,0.04164753157189365,0.01010101010100608,0.020202020202017657,0.010101010101008829,0.07692700106933355,0.05050505050505074,0.036419709853170834,0.06775963568181188,0.0714249273925801,0.04517309045454166,0.04164753157189632,0.0,0.028569970957033484,0.0,0.03194219858756058,0.020202020202023153,0.03030303030303015
0.0,0.20223477945952248,0.13081951870687872,0.2452859000963677,0.06364534805363303,0.07918615985259944,0.1575743507190399,0.12094510063272379,0.18726841963460755,0.11086032226110384,0.08054182846605122,0.0677596356818118,0.19896682427870924,0.11436981444477075,0.05150524761204842,0.10584525296872377,0.09146853674886278,0.1393785421035705,0.1672014682550192,0.1456788394126864,0.014284985478515285,0.020202020202017657,0.10545764150414712,0.1508429062154423,0.0952927387076424,0.1030104952240967,0.040404040404039436,0.1285648693066448,0.026254265493526927,0.08389712635367488,0.05050505050505349,0.05050505050505046,0.03194219858755884,0.10879120822493904,0.10101010101010093,0.06388439717511855,0.034648390672990824,0.010101010101011576,0.030303030303031067,0.07142492739258244,0.02258654522726653,0.020202020202020405,0.0903461809090821,0.03194219858756753,0.05150524761204831,0.04040404040404081,0.1619315105240542,0.020202020202020148,0.045173090454539204,0.07692700106933247,0.12234446908061208,0.07576468712479768,0.05050505050505074,0.06388439717512116,0.010101010101017072,0.04517309045454166,0.04517309045454289,0.057139941914065996,0.05050505050505129,0.045173090454545345,0.05050505050505129,0.028569970957032512,0.03194219858755933,0.06060606060606122,0.036419709853170834,0.10545764150414698,0.10399626405037346,0.05050505050504909,0.031942198587557105,0.051505247612047236,0.08080808080808094,0.18293707349772576,0.05150524761204831,0.0627645312644263,0.09948341213935462,0.036419709853171216,0.07353646352808772,0.06467802260032753,0.1030104952240977,0.061442045760587115,0.041647531571894984,0.0,0.10334720879477023,0.036383148450345584,0.10301049522409689,0.06144204576058808,0.07070707070707044,0.045173090454545345,0.04517309045454166,0.040404040404042184,0.036419709853171216,0.0714249273925805,0.08570991287109754,0.04040404040404081,0.04517309045454105,0.04517309045454043,0.04517309045454043,0.0,0.05050505050505052,0.02339578322249851,0.042870973012459825,0.04040404040404081,0.04517309045454166,0.07283941970634167,0.022586545227273904,0.09529273870764211,0.02856997095703154,0.022586545227268988,0.0952927387076424,0.014284985478515285,0.028569970957036398,0.12589576075645148,0.08143694695251091,0.03194219858755884,0.07889141086774425,0.022586545227268988,0.03194219858755884,0.014284985478515285,0.057139941914065996,0.020202020202017657,0.022586545227268988,0.020202020202020405,0.022586545227268988,0.051505247612047236,0.03049390727135347,0.042854956435549416,0.022586545227278817,0.028569970957034455,0.05713994191406405,0.05713994191406454,0.0900251661885701,0.04517309045454043,0.05439560411247054,0.03194219858755884,0.05425349140403323,0.02258654522726653,0.05150524761204777,0.014284985478514313,0.028569970957034455,0.022586545227271444,0.030303030303029235,0.042854956435549416,0.010101010101010202,0.04517309045454043,0.010101010101010202,0.04164753157189365,0.03194219858755884,0.031942198587557105,0.08329506314379063,0.022586545227271444,0.06388439717511855
0.0,0.10601840455329771,0.1717171717171717,0.035250365331701325,0.07793824036144581,0.052730343500301584,0.08143694695251061,0.1416610017803508,0.16894388305390093,0.06758302901186436,0.054395604112469735,0.08689217441457191,0.10737521022964294,0.08080808080808083,0.04164753157189549,0.14859654801949976,0.1232985415730677,0.06775963568181025,0.12163226847264953,0.03641970985316931,0.08143694695251023,0.08299366549414891,0.06369954862984119,0.10284976078345069,0.1456788394126864,0.16193151052405486,0.11516923485849825,0.1620023406138855,0.10287982309321063,0.06388439717511855,0.07692700106933283,0.058898503988336494,0.045173090454541355,0.14090708733959675,0.028569970957028627,0.010101010101008829,0.10879120822493955,0.13131313131313146,0.15451574283614494,0.03641970985317236,0.05901282470713337,0.18432613728176414,0.07889141086774425,0.01731144593492741,0.020202020202023153,0.12163226847264896,0.03641970985317236,0.020202020202023153,0.03194219858756405,0.0766583625428195,0.04517309045454289,0.04040404040404047,0.06388439717511941,0.07353646352808584,0.07508944913065937,0.07142492739258088,0.08689217441457191,0.0543956041124685,0.06144204576058983,0.04285495643554812,0.06144204576058621,0.03641970985317236,0.12163226847264896,0.10399626405037453,0.022586545227270216,0.0814369469525116,0.04164753157189365,0.036419709853171646,0.061442045760587115,0.08696946695154732,0.056234705197015476,0.1277687943502371,0.06467802260033095,0.10545764150414765,0.07070707070707083,0.05150524761204831,0.04040404040403806,0.0543956041124685,0.06060606060606053,0.036419709853170834,0.06144204576058802,0.04285495643554683,0.0606060606060603,0.04164753157189765,0.11251453428611748,0.058898503988336494,0.010279296439871794,0.010101010101009516,0.050723640320981124,0.040404040404042184,0.07353646352808622,0.07692700106933355,0.0914685367488625,0.020202020202017657,0.07283941970634472,0.05150524761204885,0.05889850398833555,0.030959738586745573,0.05050505050504909,0.03030303030303473,0.08329506314379063,0.028569970957032512,0.020202020202017657,0.010101010101011576,0.10101010101010093,0.05050505050505019,0.07070707070707162,0.05439560411246952,0.06144204576058802,0.0634995756229984,0.0728394197063432,0.04164753157189365,0.010101010101011576,0.04517309045454166,0.08630306813452154,0.06467802260033095,0.11779700797667204,0.010101010101017072,0.041647531571895983,0.08329506314379097,0.030303030303027403,0.04517309045454289,0.036419709853170834,0.04040404040404012,0.0606060606060603,0.03206609978896084,0.0814369469525104,0.014284985478514313,0.031942198587557105,0.04482033535700798,0.05439560411246952,0.05050505050505019,0.036419709853170834,0.07889141086774398,0.020202020202020405,0.07353646352808622,0.04285495643554812,0.05050505050505046,0.040404040404039436,0.05889850398833555,0.041647531571895983,0.014284985478518199,0.022586545227268988,0.014284985478514313,0.020202020202017657,0.0,0.03641970985317198,0.0451730904545412,0.08143694695250955,0.05889850398833743,0.04517309045454166
0.0,0.22109735069783368,0.07066330829409351,0.3200917444697395,0.013260545732889697,0.07349628397759124,0.159710992937797,0.1069804477935747,0.21523961804328345,0.10879120822493947,0.07692700106933241,0.051505247612048326,0.14876324800123925,0.01292766803776725,0.020622953793140365,0.2830086005277151,0.02191653218886956,0.1358951923946842,0.0714249273925803,0.06835627330058522,0.0987803635066056,0.04517309045454124,0.10101010101010093,0.16443253127373447,0.09312671168982704,0.09529273870764254,0.09146853674886266,0.08329506314379063,0.06864713856288626,0.13589519239468398,0.03194219858755949,0.036419709853170834,0.06214766343938376,0.13524654802982525,0.13170105869096255,0.13982021320573615,0.02258654522726653,0.09233258019022478,0.08080808080808076,0.028569970957032512,0.06775963568181188,0.09529273870764299,0.08621584167534682,0.07889141086774425,0.0947628574848005,0.10399626405037346,0.1115693032039116,0.07898807584583085,0.04517309045454166,0.014284985478518199,0.06388439717512029,0.07353646352808613,0.07487008671084364,0.06834807276834812,0.03194219858755971,0.020202020202017657,0.048478615383223046,0.11756697033091977,0.05713994191406697,0.05050505050505019,0.08689217441457191,0.10301049522409716,0.05050505050505019,0.014284985478510428,0.1039962640503738,0.030303030303029235,0.1347642834760239,0.08258789593619907,0.030303030303027403,0.03641970985317236,0.08656956271281453,0.04284327325832056,0.08080808080808094,0.07889141086774355,0.028569970957028627,0.09312671168982734,0.09312671168982734,0.07142492739258166,0.020202020202023153,0.12163226847264942,0.022586545227271444,0.09582659576267825,0.05439560411246978,0.0728394197063432,0.03194219858756058,0.04517309045454043,0.06775963568181208,0.02020202020202865,0.06775963568181188,0.028569970957032512,0.0714249273925801,0.0914685367488622,0.0646780226003316,0.03641970985317236,0.022586545227273904,0.051505247612047236,0.03641970985316931,0.03194219858756058,0.03194219858756058,0.09146853674886342,0.02258654522726653,0.02856997095703227,0.011828092950073182,0.05150524761204831,0.09529273870764247,0.020202020202017657,0.03641970985317236,0.031942198587557105,0.09999489834961296,0.022586545227271444,0.014284985478514313,0.05439560411246952,0.03839778631990996,0.03641970985317236,0.03641970985317236,0.022586545227271444,0.05050505050505129,0.03194219858756058,0.06388439717511876,0.028569970957032512,0.011662431379378968,0.022586545227268988,0.036419709853170834,0.04285495643554812,0.0728394197063432,0.07283941970634396,0.01010101010100608,0.010101010101011576,0.02258654522727083,0.014284985478518199,0.03194219858755884,0.0814369469525116,0.028569970957032512,0.014284985478516256,0.03641970985317388,0.04040404040404012,0.014284985478520142,0.03968296614274603,0.0769270010693321,0.08689217441457223,0.030303030303031067,0.030303030303031067,0.05050505050505129,0.03194219858755928,0.022586545227271444,0.05050505050505019,0.022586545227271444,0.05150524761204939,0.022586545227270216,0.061442045760588246,0.07353646352808604
0.0,0.14135118977446243,0.05713994191406442,0.13010392347219366,0.1116792864994767,0.15721817709764063,0.26427558032621773,0.11427988382812888,0.1343995878858436,0.11516923485849877,0.14462445518460962,0.1362872168050481,0.16697829034319214,0.057978180494073,0.09314499705777833,0.0562256295343647,0.12378146228043983,0.11691473386485773,0.031942198587557105,0.13170105869096288,0.13738859099732767,0.028569970957032512,0.09090909090909091,0.10151389516283843,0.1602727259759757,0.0606060606060603,0.058898503988336404,0.03641970985317693,0.09146853674886281,0.0814369469525104,0.06388439717511867,0.08143694695251075,0.05150524761204831,0.10545764150414712,0.05131971096999483,0.06648548158311382,0.09146853674886281,0.061442045760588926,0.022586545227270525,0.1515151515151513,0.08329506314379197,0.2130810415124139,0.0958265957626771,0.16443253127373414,0.02258654522727083,0.08293910586228227,0.07142492739258088,0.05713994191406454,0.11201614757668536,0.0931267116898272,0.06467802260033009,0.06388439717511855,0.032059172189574325,0.08080808080808162,0.022586545227270216,0.06388439717511898,0.04164753157189898,0.020202020202020405,0.04517309045454289,0.036419709853170834,0.02856997095703057,0.07142492739257855,0.03194219858756058,0.031942198587555364,0.09090909090909137,0.10545764150414712,0.08143694695251023,0.03194219858755884,0.04517309045454043,0.10879120822493904,0.10151389516283735,0.07888799864439437,0.08143694695250887,0.023986373308247197,0.05050505050505129,0.014284985478516256,0.04040404040404081,0.02186720852321063,0.04517309045454228,0.05019352042674636,0.07692700106933237,0.04040404040404081,0.022586545227270216,0.02856997095703154,0.06775963568181352,0.0,0.07889141086774461,0.09090909090909076,0.0814369469525116,0.05150524761204831,0.1115693032039131,0.028569970957032027,0.09312671168982764,0.09312671168982764,0.03373842605123534,0.0606060606060603,0.0451730904545412,0.059367425208201575,0.058898503988336494,0.05261873083640547,0.0714249273925801,0.07070707070707005,0.031942198587557105,0.010101010101011576,0.02258654522726653,0.10301049522409662,0.03907483789839925,0.036419709853170834,0.03194219858755884,0.10050190469223892,0.03641970985317312,0.045173090454545345,0.02160189596020642,0.030303030303031067,0.045173090454539204,0.08689217441457191,0.036419709853170834,0.05150524761204831,0.04285495643554683,0.041647531571894984,0.02258654522727083,0.022586545227271444,0.04517309045454043,0.01428498547852597,0.028569970957032512,0.07283941970634357,0.0543956041124685,0.06388439717511876,0.05439560411246974,0.0225865452272706,0.08143694695251126,0.041647531571895484,0.0428549564355546,0.03194219858756058,0.02258654522727083,0.04040404040404012,0.05439560411246901,0.022586545227271444,0.0451730904545412,0.042854956435549416,0.04517309045454105,0.02258654522727037,0.010101010101010202,0.03641970985317312,0.061442045760587115,0.051505247612047236,0.01010101010100608,0.04164753157189365,0.0303030303030329,0.036419709853170834,0.014284985478514313
0.0,0.23521164814194812,0.13949814346326417,0.13963414546325842,0.07875665483841024,0.26887540960475526,0.11236349427746552,0.1470729270561721,0.0904652210003065,0.02258654522727062,0.10925912955951482,0.12329854157306772,0.02101668614174204,0.047561084579404694,0.116148210707621,0.054395604112469735,0.09146853674886284,0.010101010101010202,0.044985603163859834,0.10737521022964311,0.06467802260033353,0.058898503988336494,0.031942198587557105,0.043909287154505976,0.05050505050505074,0.06467802260033267,0.3066226181273934,0.05050505050505053,0.05160104225785145,0.05713994191406448,0.10560523297449835,0.0,0.09312671168982645,0.03194219858755884,0.08649842307441956,0.08329506314379113,0.031942198587557105,0.09502669482848745,0.14032771706514946,0.0606060606060603,0.006381267462568226,0.12163226847264942,0.15306014156752967,0.05150524761204835,0.020202020202017657,0.05050505050505074,0.08143694695251064,0.09312671168982734,0.022586545227268988,0.0606060606060603,0.12183350493712508,0.09529273870764234,0.06144204576058819,0.07142492739258088,0.10118756521784127,0.022586545227271444,0.020202020202020405,0.04517309045454289,0.061442045760587566,0.060606060606059386,0.028569970957032512,0.05150524761204831,0.058898503988336494,0.022586545227273904,0.04074877154151211,0.04309900150433961,0.12935604520066277,0.058898503988336494,0.0,0.03641970985317236,0.05443979487947996,0.028569970957032512,0.057210188542490575,0.12357818116084698,0.12935604520066363,0.09948341213935351,0.04164753157189898,0.022586545227268988,0.036419709853170834,0.02467153725194075,0.022828138147237245,0.05150524761204885,0.040404040404042184,0.0451730904545412,0.06388439717512029,0.047011645043560674,0.031942198587555364,0.0863030681345209,0.08080808080807887,0.022586545227273904,0.04040404040404012,0.05150524761204831,0.04164753157189365,0.0769270010693321,0.06775963568181188,0.0677596356818118,0.09948341213935448,0.08630306813452027,0.031942198587560144,0.014284985478516013,0.10301049522409662,0.06467802260033181,0.022586545227268988,0.05050505050504909,0.03194219858755797,0.022586545227273904,0.11516923485849923,0.06060606060606064,0.05050505050505046,0.07353646352808603,0.022586545227270216,0.0714249273925801,0.045173090454541355,0.02258654522727083,0.05050505050505129,0.05050505050504909,0.06467802260033095,0.05713994191406308,0.05439560411246952,0.036419709853170834,0.0225865452272706,0.07900830248517465,0.041647531571895983,0.05889850398833626,0.020202020202019718,0.03641970985317312,0.03030303030303015,0.04040404040404047,0.014284985478522085,0.022586545227273904,0.04285495643554877,0.020202020202020405,0.060606060606059386,0.09090909090909198,0.010101010101000585,0.04164753157189532,0.0863030681345209,0.1216322684726508,0.06388439717511768,0.022586545227270216,0.06144204576058802,0.03194219858755884,0.04517309045454289,0.030303030303030266,0.08143694695251091,0.03194219858756405,0.060606060606062134,0.06467802260033224,0.014284985478518199,0.04040404040404047,0.03194219858755884
0.0,0.20741486813393567,0.10013796329154635,0.07142492739258058,0.17741656178197993,0.1672014682550187,0.1601573527913087,0.054610292658156145,0.06773321549938661,0.17574625164501329,0.22724789711039506,0.22583040832502496,0.09109442473247602,0.06690312076492747,0.020202020202020166,0.08143694695251064,0.12818786729021012,0.09409311792973618,0.1317010586909633,0.06775963568181147,0.03641970985317693,0.19465607218882167,0.12936209760682255,0.03641970985317312,0.07828084307632131,0.18432613728176436,0.15958238035931724,0.05889850398833743,0.04517309045454166,0.09312671168982824,0.06775963568181352,0.0364197098531716,0.11779700797667299,0.11516923485849923,0.206554383119325,0.06388439717511768,0.03194219858755884,0.06650644753165019,0.11230864161708944,0.08143694695250887,0.03714881025918656,0.014284985478510428,0.148032906258854,0.08630306813451961,0.014284985478518199,0.02020202020202178,0.08143694695251126,0.08329506314379097,0.10101010101010093,0.12163226847264988,0.11427988382812895,0.09090909090909076,0.07142492739258166,0.020202020202020405,0.01464551394917681,0.09948341213935448,0.11465448455983235,0.0865266124871743,0.05889850398833673,0.014284985478518199,0.08329506314379113,0.014284985478518199,0.045173090454537976,0.06467802260033095,0.022586545227268988,0.05125514541534685,0.010101010101008829,0.01428498547852597,0.0714249273925801,0.11516923485849825,0.04164753157189765,0.13738859099732778,0.0,0.03194219858756058,0.1115693032039116,0.06144204576058802,0.03641970985317693,0.01428498547852597,0.040404040404039436,0.014284985478522085,0.04040404040404081,0.04164753157189632,0.08329506314379063,0.040661803521837105,0.028569970957028627,0.03726435491881768,0.09529273870764357,0.02594640251907688,0.08143694695250955,0.04040404040404043,0.08951763944013685,0.10879120822493853,0.07070707070707005,0.022586545227270525,0.05439560411246901,0.010101010101011576,0.040404040404042184,0.04517309045454166,0.04517309045453982,0.11516923485849923,0.0,0.014284985478516256,0.09312671168982824,0.010101010101011576,0.01010101010100608,0.0638843971751168,0.045173090454541355,0.0364197098531716,0.06060606060606122,0.07692700106933499,0.09529273870764254,0.036419709853170834,0.05889850398833743,0.04517309045454166,0.14032771706514946,0.06467802260033224,0.12163226847264988,0.07692700106933355,0.04517309045454121,0.06388439717511876,0.02856997095703057,0.02258654522727114,0.010101010101011576,0.03641970985317236,0.04517309045454043,0.05713994191406308,0.023896453025943364,0.07142492739258058,0.058898503988336494,0.05889850398833932,0.0714249273925801,0.05439560411247054,0.06057303024736866,0.0,0.05050505050505019,0.0728394197063432,0.06388439717511876,0.05439560411246952,0.0714249273925805,0.04164753157189632,0.03194219858756058,0.022586545227268988,0.028569970957028627,0.020202020202020405,0.07692700106933138,0.04517309045454074,0.006845287916656861,0.04285495643554832,0.04040404040404051,0.05439560411246748,0.08689217441457191
0.0,0.16847120808577323,0.08627127502683389,0.14767245840989096,0.10134989814037455,0.05713994191406442,0.12607649701748602,0.03194219858755938,0.06467802260033181,0.14111303258107896,0.06960801854030617,0.06586035039282273,0.11981332069832355,0.07889769323510375,0.16241750293021134,0.036419709853171646,0.031942198587559346,0.03787313745178965,0.10925912955951453,0.19845336065038907,0.19028870370830026,0.031942198587560144,0.13551927136362377,0.09312671168982645,0.04749476516905964,0.057139941914065025,0.11779700797667346,0.28610146777769646,0.1265652937994108,0.23055984263663293,0.14707292705617245,0.10879120822493904,0.08304657837115656,0.14141414141414127,0.010101010101017072,0.10301049522409608,0.07235368362982535,0.08080808080808025,0.11822929202747133,0.13285804482793864,0.1515151515151513,0.08630306813452027,0.05799820014099252,0.06417464963730729,0.0615648936848426,0.041647531571894984,0.03194219858756058,0.0832950631437913,0.1373885909973284,0.10301049522409662,0.04517309045454043,0.06691081300767572,0.04517309045454166,0.022586545227270216,0.060974734286130705,0.07506606634139147,0.045173090454539204,0.051505247612047236,0.08143694695251057,0.06144204576058802,0.07070707070707083,0.036419709853171216,0.031942198587557105,0.04164753157189365,0.05439560411246952,0.09146853674886281,0.06634010268344866,0.010101010101008829,0.07070707070707162,0.022586545227268988,0.07142492739258088,0.08080808080808094,0.028569970957032512,0.051505247612047236,0.10399626405037346,0.03641970985317236,0.050505050505049644,0.0903461809090824,0.09959859330782946,0.06144204576058441,0.040404040404039436,0.022586545227268988,0.028569970957040284,0.022586545227273904,0.028569970957034455,0.022586545227273904,0.061442045760587115,0.038235090717194976,0.0606060606060603,0.014284985478510428,0.041647531571894984,0.057139941914065025,0.05050505050505046,0.07353646352808546,0.0677596356818127,0.04040404040404081,0.06467802260033267,0.041647531571894984,0.13867944075659125,0.06775963568181183,0.020202020202023153,0.014284985478516256,0.12478271235575583,0.06388439717511941,0.05050505050505129,0.0364197098531715,0.05439560411246978,0.036419709853170834,0.03528931412447327,0.04517309045454289,0.04040404040404081,0.01673659622722897,0.03194219858755971,0.04285495643554812,0.020202020202023153,0.05889850398833743,0.06388439717511855,0.03194219858755884,0.04040404040404012,0.028569970957033484,0.028569970957032512,0.03194219858756058,0.04517309045454166,0.022586545227270216,0.04285495643554812,0.022586545227271444,0.0728394197063432,0.010101010101017072,0.04164753157189565,0.05889850398833626,0.05439560411246952,0.010101010101011576,0.043416673142839465,0.028569970957032512,0.08143694695251023,0.04517309045454043,0.06144204576058802,0.03641970985317693,0.020852963143501345,0.0735364635280864,0.049707743976866524,0.03194219858755971,0.010101010101011576,0.04164753157189365,0.030303030303027403,0.04164753157189532,0.057197345968773065,0.061442045760588475,0.041647531571894984,0.01536650657601471,0.03194219858756405
0.0,0.1041081433516219,0.2253065016502313,0.1753096975219553,0.04869232960692695,0.031942198587559374,0.1260532455219643,0.13738859099732767,0.1365291130305441,0.0931267116898272,0.07407473289199301,0.18536597843838337,0.06896054283535982,0.014284985478516076,0.0364197098531716,0.0655066078415822,0.1726061362690411,0.05889850398833626,0.09034618090908271,0.0951988154220547,0.11502725199749869,0.1129417893926261,0.119783890652188,0.09582659576267884,0.05568767451818231,0.18995181109560838,0.13560622427941696,0.08301309709450225,0.09312671168982704,0.06491958228495363,0.09146853674886402,0.020202020202023153,0.07070707070707005,0.010101010101008829,0.06886980410411521,0.10446103672733625,0.058898503988336494,0.08143694695250955,0.16443253127373447,0.026534618430670558,0.08143694695251075,0.12776879435023752,0.07889141086774425,0.0505050505050506,0.022586545227270216,0.02856997095703057,0.09948341213935406,0.03194219858756405,0.10399626405037399,0.04040404040404047,0.06467802260033181,0.05137697336191852,0.07889141086774425,0.08143694695251023,0.0606060606060603,0.06775963568181106,0.06467802260033181,0.07353646352808622,0.022586545227273904,0.09312671168982704,0.09995007971873404,0.08750613102268809,0.03194219858756405,0.022586545227271444,0.15971099293779698,0.022586545227273904,0.031942198587562316,0.028569970957028627,0.0268150945593068,0.03194219858756058,0.07353646352808622,0.04914210048745937,0.07889141086774355,0.08143694695251057,0.05992130563568809,0.010101010101010202,0.09146853674886281,0.11779700797667299,0.05150524761204831,0.0788914108677439,0.061442045760587115,0.10101010101010038,0.01944048164304342,0.042854956435549416,0.07283941970634357,0.09857079027490856,0.09948341213935455,0.022586545227270678,0.06600217552774738,0.04517309045454043,0.03194219858755884,0.1054576415041487,0.1672014682550192,0.04040404040404081,0.03194219858755971,0.03030303030303038,0.06060606060606053,0.08329506314379097,0.04285495643554683,0.07283941970634243,0.09090909090909076,0.0728394197063432,0.05050505050505569,0.03641970985317693,0.030303030303031067,0.042854956435549416,0.09090909090909137,0.1347642834760234,0.02856997095703057,0.05050505050505129,0.028569970957032512,0.041791873674399294,0.09034618090908332,0.07070707070707122,0.028569970957028627,0.057139941914065025,0.09948341213935434,0.022586545227273904,0.020202020202020405,0.031942198587557105,0.010101010101022568,0.027006640876375904,0.022586545227268988,0.022586545227273904,0.06467802260033095,0.05889850398833555,0.07142492739258166,0.03194219858755949,0.024579860673006555,0.06060606060606064,0.03641970985317236,0.05439560411246952,0.03194219858756058,0.014284985478516742,0.03030303030303015,0.0,0.036419709853170834,0.014284985478517228,0.022586545227271444,0.04040404040404012,0.04517309045454289,0.07692700106933174,0.04164753157189632,0.057493279106013394,0.030303030303029235,0.04164753157189632,0.05889850398833555,0.0364197098531716,0.051505247612047236,0.04164753157189565,0.031942198587557105
0.0,0.162627320893851,0.10175079610274682,0.2800443853063494,0.0373460327055583,0.0364197098531716,0.07697953787444183,0.14242298938716672,0.028436735957321234,0.15974392782831973,0.021737391283115595,0.08570991287109665,0.00933779509763003,0.06367691874320885,0.07180366090212117,0.19612613978734952,0.10780365556991381,0.03683383264599264,0.09312671168982704,0.13934834206149943,0.08570991287109672,0.11356957671141084,0.1373885909973276,0.09090909090909076,0.14452476354774801,0.08630306813452283,0.08689217441457255,0.09999489834961296,0.040404040404039436,0.08143694695251023,0.05150524761204831,0.08689217441457223,0.06060606060606076,0.014284985478514313,0.06467802260033267,0.07142492739258166,0.06388439717511898,0.12297937495717665,0.03641970985316931,0.16193151052405486,0.10399626405037372,0.09312671168982645,0.029707023294588176,0.06388439717511768,0.07353646352808697,0.18542989647157349,0.03903185655026554,0.12163226847264896,0.0863030681345209,0.05439560411246952,0.1249425947156865,0.022586545227268988,0.10737521022964297,0.04517309045454043,0.05050505050505129,0.03641970985317388,0.03194219858755971,0.1182292920274711,0.022586545227268988,0.014284985478510428,0.14462445518461156,0.09582659576267769,0.05713994191406697,0.053389325838589866,0.08143694695251023,0.13589519239468337,0.042854956435549416,0.05050505050504909,0.10545764150414765,0.031942198587562316,0.02856997095703154,0.13285804482793848,0.06144204576058802,0.09582659576267825,0.05808833267295008,0.05050505050505129,0.07283941970634243,0.05439560411246978,0.041647531571895983,0.010101010101008829,0.022586545227268988,0.05050505050505053,0.02856997095703057,0.03194219858756058,0.041647531571894984,0.03194219858755971,0.0714249273925801,0.042854956435549416,0.042036996550186397,0.022586545227268988,0.06144204576058802,0.04285495643554812,0.04040404040404012,0.08630306813452154,0.05050505050505019,0.020202020202020405,0.03030303030303061,0.05050505050504909,0.058053086279381175,0.014284985478518199,0.08113323092620696,0.07070707070707319,0.051505247612046154,0.010101010101009516,0.06388439717511879,0.014284985478518199,0.07283941970634472,0.05439560411247156,0.05889850398833555,0.036419709853170834,0.05050505050504909,0.0451730904545412,0.06467802260033095,0.02258654522726653,0.010101010101010102,0.09948341213935574,0.050505050505049644,0.05150524761204831,0.04164753157189532,0.045173090454539204,0.030303030303031067,0.04164753157189557,0.04040404040404081,0.031942198587557105,0.06388439717511941,0.04040404040404038,0.05150524761204831,0.057139941914065996,0.04164753157189565,0.045173090454539204,0.042854956435552004,0.03194219858756058,0.07283941970634243,0.022586545227273904,0.004773137816888654,0.05050505050504909,0.023945347764383885,0.022586545227268988,0.05050505050505074,0.07283941970634243,0.04517309045454105,0.03641970985317388,0.057806242545451574,0.05050505050505129,0.022586545227271444,0.020202020202020405,0.06467802260033267,0.12288409152117621,0.13285804482793778,0.03194219858756058,0.028569970957028627
