0.0,0.0002990430622009569,0.000946969696969697,0.0020933014354066986,0.0026415470494417863,0.0032396331738437003,0.004037081339712919,0.004784688995215311,0.006080542264752791,0.007575757575757576,0.007924641148325359,0.008223684210526315,0.009220494417862839,0.010865231259968102,0.011463317384370016,0.012410287081339713,0.014154704944178628,0.015350877192982455,0.015899122807017545,0.01699561403508772,0.01814194577352472,0.01864035087719298,0.01893939393939394,0.018989234449760764,0.019387958532695374,0.019886363636363636,0.02088317384370016,0.021630781499202553,0.022079346092503987,0.023125996810207338,0.023923444976076555
0.0,0.0002990430622009569,0.0017942583732057417,0.0027910685805422647,0.004186602870813397,0.006628787878787879,0.007276714513556619,0.008273524720893141,0.009768740031897927,0.010416666666666666,0.014752791068580542,0.015600079744816586,0.018590510366826157,0.022228867623604466,0.02492025518341308,0.026515151515151516,0.028409090909090908,0.03070175438596491,0.03289473684210526,0.03314393939393939,0.033343301435406696,0.03384170653907496,0.034938197767145136,0.03533692185007974,0.03673245614035088,0.037480063795853266,0.03852671451355662,0.03987240829346093,0.04081937799043062,0.04121810207336523,0.04291267942583732
0.0,9.968102073365231e-05,9.968102073365231e-05,9.968102073365231e-05,0.00024920255183413076,0.0005980861244019139,0.001246012759170654,0.0021929824561403508,0.00259170653907496,0.003538676236044657,0.004037081339712919,0.004136762360446571,0.004336124401913876,0.006529106858054226,0.008971291866028708,0.009918261562998404,0.011513157894736841,0.01530103668261563,0.017942583732057416,0.02073365231259968,0.021830143540669856,0.023524720893141945,0.024421850079744817,0.02531897926634769,0.026365629984051037,0.027661483253588515,0.030502392344497607,0.0314493620414673,0.03244617224880383,0.035586124401913874,0.03762958532695375
0.0,0.0005980861244019139,0.0011463317384370016,0.00129585326953748,0.0030901116427432215,0.0043859649122807015,0.00623006379585327,0.007276714513556619,0.009519537480063796,0.011164274322169059,0.011961722488038277,0.013257575757575758,0.013656299840510366,0.014752791068580542,0.0161981658692185,0.016497208931419458,0.018042264752791068,0.019288277511961723,0.021232057416267942,0.022627591706539076,0.02282695374800638,0.023674242424242424,0.024072966507177034,0.024172647527910686,0.02541866028708134,0.025618022328548644,0.026664673046251995,0.027063397129186602,0.027910685805422646,0.028159888357256777,0.028309409888357256
0.0,4.984051036682616e-05,0.00014952153110047846,0.0005980861244019139,0.0008971291866028708,0.0010964912280701754,0.001644736842105263,0.0022926634768740033,0.002541866028708134,0.003438995215311005,0.004336124401913876,0.005382775119617225,0.0062799043062200955,0.007725279106858054,0.009120813397129187,0.010217304625199363,0.010964912280701754,0.01166267942583732,0.012908692185007975,0.013556618819776715,0.01375598086124402,0.016248006379585327,0.019387958532695374,0.021481259968102073,0.025119617224880382,0.02646531100478469,0.027013556618819778,0.02825956937799043,0.030203349282296652,0.032196969696969696,0.034140749601275916
0.0,0.00014952153110047846,0.00019936204146730463,0.0005482456140350877,0.0008472886762360447,0.00388755980861244,0.006479266347687401,0.010466507177033494,0.012509968102073365,0.013955342902711323,0.0161981658692185,0.017194976076555023,0.018042264752791068,0.01854066985645933,0.019637161084529505,0.021481259968102073,0.022627591706539076,0.02347488038277512,0.024272328548644338,0.02556818181818182,0.026365629984051037,0.027711323763955343,0.02875797448165869,0.028957336523125998,0.02920653907496013,0.02995414673046252,0.034190590111642744,0.03643341307814992,0.03892543859649123,0.03992224880382775,0.04066985645933014
0.0,0.00039872408293460925,0.0011463317384370016,0.0015450558213716107,0.001594896331738437,0.0022926634768740033,0.003488835725677831,0.005432615629984051,0.009918261562998404,0.012210925039872408,0.013656299840510366,0.015251196172248804,0.017942583732057416,0.02307615629984051,0.024421850079744817,0.02711323763955343,0.028708133971291867,0.03319377990430622,0.034938197767145136,0.03628389154704944,0.03703149920255183,0.03837719298245614,0.04012161084529506,0.04171650717703349,0.042464114832535885,0.04366028708133971,0.04789673046251994,0.0497408293460925,0.05263157894736842,0.05417663476874003,0.05592105263157895
0.0,0.0004485645933014354,0.0004984051036682615,0.0010466507177033493,0.0013955342902711324,0.002342503987240829,0.00259170653907496,0.0026415470494417863,0.0033891547049441787,0.0036383572567783096,0.004485645933014354,0.004784688995215311,0.005482456140350877,0.006329744816586922,0.006778309409888357,0.00712719298245614,0.008821770334928229,0.010167464114832535,0.011214114832535885,0.011762360446570972,0.013257575757575758,0.013656299840510366,0.013855661881977671,0.014603269537480064,0.015051834130781499,0.015500398724082935,0.01594896331738437,0.01689593301435407,0.017693381180223285,0.019138755980861243,0.021182216905901115
0.0,0.00019936204146730463,0.0004485645933014354,0.000946969696969697,0.003538676236044657,0.006080542264752791,0.007725279106858054,0.010217304625199363,0.015749601275917065,0.020833333333333332,0.022378389154704945,0.023175837320574162,0.024421850079744817,0.025069776714513558,0.027312599681020733,0.030003987240829345,0.032396331738437,0.0354366028708134,0.038327352472089314,0.04206539074960128,0.04450757575757576,0.046002791068580545,0.04864433811802233,0.05138556618819777,0.0539274322169059,0.05532296650717703,0.05741626794258373,0.06245015948963317,0.0628987240829346,0.06359649122807018,0.06563995215311005
4.984051036682616e-05,0.0010466507177033493,0.002940590111642743,0.004934210526315789,0.009718899521531101,0.011114433811802233,0.012509968102073365,0.014852472089314195,0.017693381180223285,0.019637161084529505,0.02113237639553429,0.021979665071770335,0.023175837320574162,0.02556818181818182,0.02751196172248804,0.0291566985645933,0.030103668261562997,0.030901116427432217,0.03374202551834131,0.03518740031897927,0.03628389154704944,0.03728070175438596,0.03812799043062201,0.03847687400318979,0.03942384370015949,0.03987240829346093,0.04126794258373206,0.043610446570972884,0.04505582137161084,0.045803429027113235,0.04655103668261563
