0.80175,0.8017900895044753,0.8018382022022422,0.8019264238132389,0.8019745528748049,0.8020307107487621,0.8020788523294551,0.8021591011415822,0.8022393660132681,0.802343734363429,0.8024481298729895,0.8025284525990211,0.8026328961858044,0.8027373669613624,0.8028338256646472,0.8029463901212807,0.8030589861474203,0.8031555221637866,0.8032762248271716,0.803388913383302,0.8035016335611633,0.8036466059901367,0.8037352260082403,0.8038399839582916,0.8039850785182808,0.8040415183272326,0.8040979660608978,0.8041947520462205,0.8043076984811701,0.8043722535465618,0.8044448903827823,0.8045417599068768,0.8046548038418692,0.8047274917193616,0.8047921141916444,0.8048648268800257,0.8049456341676455,0.8050345409269821,0.8051234673281048,0.8051962399068011,0.8052690256420558,0.8053256458676524,0.8054146365965141,0.8054793694806957,0.8055360192906661,0.8056250565218702,0.8056817268269153,0.8057788944723618,0.8058679854054217,0.8059408926417371,0.8059976073909503,0.8060138130711464,0.8061272710819751,0.806232653553759,0.8062731926105452,0.8063299541395125,0.8064191669767956,0.8064597247927899,0.8065083995573886,0.80658953722334,0.8066463433038544,0.8067518615415576,0.8068086904893683,0.8068736476626579,0.8069629808563319,0.8070523338332847,0.8071254555338555,0.8072148444972463,0.8072961243744525,0.8073692902602111,0.8074262062297954,0.8074749977339336,0.807548196047622,0.8076214076334955,0.8077109064898954,0.8077922863015354,0.8078574019588086,0.807963237294797,0.8080202370394259,0.8080772448269954,0.8081505523748085,0.808191284537766,0.8082483164643736,0.808354254257282,0.8084113091877067,0.808509136380138,0.8086069872518961,0.8086722343258291,0.8087456498713875,0.8088109193257135,0.8088680387409201,0.8089496519019271,0.8091864232294789,0.8092599321705426,0.8093089455514505,0.8093743059621635,0.809439676930843,0.8095132318938622,0.8096031505604362,0.8097012664364055,0.8097830478345184,0.8098321246035434,0.8099057509116806,0.8099957568042675,0.8100530436979035,0.8101185243566037,0.8102331409861248,0.8102822723276097,0.8103969352996472,0.8104706643483887,0.810568990617923,0.8106345547197282,0.810700129428895,0.8107657147479977,0.8108231106077002,0.8108969172263129,0.8109871435652077,0.811044570781152,0.8111430363610611,0.8112497343897034,0.8113154086681981,0.8113893049427195,0.8114550018217886,0.8115453524035103,0.8116028587046747,0.8116521563069448,0.8117014598983538,0.8117672073385578,0.8118822909915748,0.8119809600972251,0.8120961043696696,0.8121536887529249,0.8122195094771606,0.8122853408710982,0.8123923396494073,0.8124417332090308,0.8125323036696969,0.8126146579771546,0.812672315926046,0.8127546986193054,0.8128535799014539,0.8129442422153047,0.8130514146638272,0.8131338742393509,0.8131751102997109,0.8132740939107148,0.813373101622181,0.8134473732270043,0.8135299131423005,0.8135794451322225,0.813653754427271
0.80175,0.8017580175801758,0.8018061264288501,0.8018462215465856,0.8019184028646016,0.8019905971791538,0.8020628044937526,0.8021269996898542,0.8021912051628396,0.802247393383898,0.8022955609814674,0.8023758531654691,0.8024561614220515,0.8025686199923923,0.8026730740351404,0.8027695172869544,0.8028820637098308,0.8029705151830783,0.8030911622409423,0.8031957523542377,0.803292321256813,0.8033969637757402,0.803509686212806,0.8036466059901367,0.8037835724382688,0.8038883429923597,0.8039608924542492,0.8040657092426188,0.8041544217209456,0.8041947520462205,0.8043076984811701,0.8043641835966893,0.8044691055768497,0.8045175403387653,0.8045579070957642,0.8046628796242398,0.8047436463644758,0.8048244293200024,0.804880987039584,0.8049617975723136,0.8050668755271719,0.8051800670857855,0.8052690256420558,0.8053256458676524,0.8053903644473018,0.8054712773011312,0.8055279259728125,0.8055845826132391,0.8056817268269153,0.8057465026531597,0.805811288896036,0.8058922863518485,0.805965197985464,0.8060219161556248,0.8060786423092005,0.806159693523574,0.806232653553759,0.8062975180015286,0.8063786132399976,0.8064597247927899,0.8065246257846451,0.80658953722334,0.8066706912164202,0.806727508728857,0.8067599794725244,0.8068492874969809,0.8069629808563319,0.8070117163908684,0.8070929553645131,0.8071742106958762,0.8072392267418446,0.8073367704515245,0.8073774206217335,0.8074506012447882,0.807540062246306,0.8076214076334955,0.8076783591562066,0.8077515943459908,0.8078167034428558,0.8078818230368497,0.807955095130603,0.8080202370394259,0.8081098243173778,0.8082238732245285,0.8082972073797762,0.8083868560884865,0.808484677362429,0.8085580588555639,0.8086232980332829,0.8087130190944029,0.8087782832817181,0.8088598783305253,0.8089170046612991,0.8089659765104734,0.8090476094371228,0.8091210931586755,0.8091700897227577,0.8092435956961463,0.8092926070981548,0.8093988188380192,0.8094723663752196,0.8095459272797035,0.8096113259752193,0.8096930892051021,0.8097748689513075,0.809807585475481,0.8098730264553471,0.8099712077587513,0.8100530436979035,0.8101021531994868,0.8101594551443989,0.8102249530084685,0.8103150298656803,0.8104133183734118,0.8104870504033481,0.8105444068139311,0.8106345547197282,0.810700129428895,0.8107493174233997,0.8108395109173838,0.8108969172263129,0.8109871435652077,0.8110527753330703,0.8111512429052721,0.8112333174813571,0.8113071988018862,0.8113400392641017,0.8113975164708382,0.8114714277038926,0.8115699969632554,0.8116439396240168,0.8117261139403266,0.811775426517491,0.8118822909915748,0.8119891836052624,0.8120632026739593,0.812137235238703,0.8122195094771606,0.8122853408710982,0.8123182605700159,0.8124088035019456,0.8124746655857317,0.8125734787367739,0.8126476043746642,0.8127217435377597,0.8127464595983659,0.8128206168008273,0.8128947875371341,0.8129854590439879,0.8130514146638272,0.8131586153736929
0.80175,0.8017580175801758,0.8017900895044753,0.8018301830183018,0.8018783005280845,0.801942466191886,0.8020066421254801,0.8020547808167103,0.8021510755377689,0.8021912051628396,0.8022795044729522,0.8023517638228671,0.8024160052843861,0.8024963215790686,0.8025846880755986,0.8026811100877017,0.802785593415506,0.8028820637098308,0.8029946416946266,0.8031233409129611,0.8032118455589172,0.8033245160514608,0.8034372181581321,0.8035902216074812,0.8036868853937991,0.8037835724382688,0.8038641627480273,0.8039850785182808,0.8041221603731007,0.8042189521832024,0.8043076984811701,0.8043803236583629,0.8044691055768497,0.8045417599068768,0.8045982779037794,0.8046709555687145,0.8047759576005782,0.804832508507584,0.8049375527087266,0.8050264576827688,0.8050992127249358,0.8051638949144372,0.8052205003565367,0.8052771137582612,0.8053660937609868,0.8054227276380295,0.8055683941884533,0.8056007716886718,0.8056817268269153,0.8057465026531597,0.8058274870846484,0.8059165887639094,0.8059895047952229,0.8060624340220178,0.8061353764478765,0.8062407610389871,0.8063137357443129,0.8063705029820873,0.8064516129032258,0.8065327391431187,0.8066138817066913,0.8066869239747253,0.806768097566866,0.80684116776862,0.8069304937700035,0.8069711030366471,0.8070604578124057,0.8071335809851711,0.8072067174096895,0.8072879956501601,0.807361160062434,0.8074099437053747,0.8075075286794847,0.8075644641418211,0.8076458144454518,0.8077597324091239,0.8078167034428558,0.807922528114797,0.8080365241579488,0.8081261150477266,0.808158698478938,0.8081994314630754,0.8082727611827447,0.80837870538415,0.8084357637663477,0.8084928302039005,0.8085988321079544,0.8086803909504453,0.8087864420457984,0.8088517180847844,0.8089496519019271,0.8090067909145031,0.8090965971016832,0.8091455906989887,0.8092354277062831,0.8093089455514505,0.8093661353334881,0.809423333198724,0.809488712087557,0.8095377531856459,0.8095704505523356,0.8096522055259331,0.8097585116805204,0.8098239447289476,0.8099057509116806,0.8099875736237536,0.8100448593598448,0.8101103386953359,0.810192202752683,0.8102577059120768,0.8103395997574288,0.8106591439924773,0.8107411190098189,0.8108149107016444,0.8108969172263129,0.8109543316643908,0.8110199581213268,0.8111020061306868,0.8111758635342682,0.8112497343897034,0.8113236187006678,0.8114139400257062,0.8115207093404592,0.8116192905733722,0.8116850247023568,0.8117589883260603,0.8118247450865238,0.8118576274619007,0.8119234002045632,0.8120303036441348,0.8120961043696696,0.8121454619124797,0.8122195094771606,0.8123100303951368,0.8124088035019456,0.8124664322412622,0.812515834811249,0.8125899499320941,0.8126640785752658,0.8127464595983659,0.8128288573253445,0.8128947875371341,0.8129772153438992,0.8130843964870292,0.813150368161626,0.8132245990932051,0.8132823436327119,0.8133896052511439,0.8134556264648289,0.8135299131423005,0.813620726398149
0.80175,0.8018061264288501,0.8018542410513366,0.801942466191886,0.8019905971791538,0.8020387339442199,0.8020949008073471,0.8021510755377689,0.8022393660132681,0.8023276759266672,0.8023999439546032,0.8024963215790686,0.8025846880755986,0.8026730740351404,0.8027695172869544,0.8028820637098308,0.8029624733347355,0.8030509425268936,0.8031474766093002,0.8032440339030597,0.8033728130824265,0.803493581070924,0.8036143853740678,0.8036868853937991,0.8037674563153515,0.803831924684934,0.8039205855810689,0.8039770163352487,0.8040495818039594,0.804146356141301,0.8042270192191951,0.8042996298265501,0.8043157672976796,0.8044206766464662,0.8044852498494882,0.8045579070957642,0.8047678795483062,0.8048405878573723,0.8049133093055709,0.8049860438964638,0.8050911281819552,0.8051234673281048,0.8051962399068011,0.8052771137582612,0.8053580038572806,0.8054793694806957,0.8055360192906661,0.8056250565218702,0.8056898232356222,0.8057626982372214,0.805803190045931,0.805900386993014,0.8059489942600951,0.8060786423092005,0.8061353764478765,0.806175905722416,0.8062731926105452,0.8063948342452526,0.8064678368455465,0.8065327391431187,0.80658953722334,0.8066463433038544,0.806727508728857,0.8068249288021656,0.8068817680447647,0.8069386152963556,0.8069873478877918,0.8070442100177162,0.8071254555338555,0.8071660844265018,0.8072473544840363,0.8073367704515245,0.8074180748856976,0.8074993956973653,0.8075725984347143,0.8076864957437163,0.80776787063624,0.8078411220603349,0.8079062455914066,0.8079876647720402,0.8080691003648531,0.808158698478938,0.8082238732245285,0.8083053564407343,0.8083868560884865,0.8084683721727556,0.8085499046985145,0.8086069872518961,0.8086477654391964,0.8087130190944029,0.8088109193257135,0.8089006820291376,0.8089986277042299,0.8090884320789561,0.80915375687541,0.8092109247259734,0.8093007762423411,0.8093743059621635,0.809439676930843,0.8094805391488717,0.8095704505523356,0.8096603819314705,0.8097257991213452,0.8098403046433874,0.8098975695496696,0.8099712077587513,0.8100366751871647,0.8101103386953359,0.8101840156024213,0.8102249530084685,0.8102822723276097,0.8103559805130486,0.8104297021095938,0.8105116307281716,0.8106099669386393,0.8107083270134992,0.8107821127358776,0.8108477113210218,0.8109461291040398,0.8110199581213268,0.8110773899848255,0.8111348299829022,0.8112251092763477,0.8113236187006678,0.8113646713555634,0.8114632146797162,0.8115535670904527,0.8116439396240168,0.8117096777459427,0.8117589883260603,0.8118000850529556,0.8118822909915748,0.811972736755755,0.8120385281516818,0.8121125562173331,0.812211281303185,0.8122853408710982,0.8123758764641511,0.8124664322412622,0.8125240691570221,0.8125817142509654,0.8126640785752658,0.8127299820575982,0.8128288573253445,0.8128865456757579,0.8130019469457289,0.8130761507803705,0.8131668627530528,0.8132163505426514,0.8132658443560821,0.81332359475334
0.80175,0.8017820712828513,0.8018061264288501,0.8018863206745147,0.801942466191886,0.802014664839397,0.8020628044937526,0.802118974728375,0.8021671269059911,0.8022554209151765,0.8023517638228671,0.8024400984846969,0.8025445190738831,0.802616826172266,0.8027534418022528,0.8028740236330864,0.8029463901212807,0.8030187696560566,0.8031313859838923,0.8032198924030977,0.8033486638410436,0.8034533210406061,0.8035580055124029,0.8036707731478233,0.8037674563153515,0.8038802827492856,0.8039528307562722,0.8040173288674061,0.8040979660608978,0.8041866856575424,0.8042834930029593,0.8043399747185939,0.8043722535465618,0.8044448903827823,0.8045498334203026,0.8045982779037794,0.8046709555687145,0.8047436463644758,0.8048244293200024,0.8049052284957031,0.8049698795180723,0.8050507079023999,0.8051396378754556,0.8052124133775234,0.8053013790817505,0.8053660937609868,0.8054470017379773,0.8055603002200408,0.8055926770696221,0.8056574385770989,0.8057141134381155,0.805811288896036,0.8058760855580572,0.8060219161556248,0.8060624340220178,0.8061110608391397,0.8062002252433432,0.8062407610389871,0.8063137357443129,0.8064191669767956,0.8064921739830202,0.8065976518878459,0.8066625750822509,0.8067599794725244,0.8068330482036832,0.8069142512077294,0.8070198395522764,0.8070929553645131,0.80719046372551,0.8072798670895636,0.8073449001580956,0.8074018126888217,0.8074587332440353,0.8075075286794847,0.8075725984347143,0.8076783591562066,0.8077434564468355,0.8078085642317381,0.8079143867710632,0.8079713796230978,0.8080609560668823,0.808158698478938,0.8082401685534845,0.8083053564407343,0.8083868560884865,0.8084439156213448,0.8085335968778048,0.8086151425603373,0.8086803909504453,0.8087619662473646,0.8088353980872443,0.8089170046612991,0.808974139061822,0.8090476094371228,0.8091210931586755,0.8092190922212017,0.8092762693045321,0.8093334544683686,0.8094069901265976,0.8094641937665956,0.8095214054927302,0.8096113259752193,0.809668558502151,0.8097421550705463,0.8098239447289476,0.8099302959894938,0.8100284911798582,0.8101267101832953,0.8102003900684136,0.8103232196640456,0.8103805528882599,0.8104378942261038,0.810528018439702,0.8106263586269653,0.8106919320100711,0.8107247226800683,0.8108149107016444,0.8109051187911521,0.8109871435652077,0.811069184934902,0.8111184177247205,0.8111758635342682,0.8112661519625204,0.8113318288993008,0.8114221520524654,0.8115124953186837,0.8116192905733722,0.8116768073539387,0.8117261139403266,0.8117918653746848,0.811874069648517,0.8119480677306976,0.8120220793031853,0.8120878786957975,0.8121865977814922,0.8122524238402545,0.81232649091167,0.8124417332090308,0.8125076006323726,0.8125899499320941,0.8126970289803656,0.8127464595983659,0.8128453388756527,0.8129277566539924,0.8130184355162553,0.8131008884020933,0.8131833580136723,0.8132575949688087,0.8132988435788192,0.8133483474344148,0.8134061095498494
0.80175,0.8017820712828513,0.8018462215465856,0.8019103820764153,0.801942466191886,0.8019986195720673,0.8020788523294551,0.802118974728375,0.8021751528310004,0.8022634486071085,0.802343734363429,0.8024160052843861,0.8024802570339008,0.8025445190738831,0.8026650381434836,0.8027695172869544,0.8028740236330864,0.8029705151830783,0.8030831179758399,0.8031716137563487,0.8033003697135471,0.803388913383302,0.8034855287420829,0.803622440285866,0.8037432833426899,0.8038480433932564,0.8039447692199705,0.8040253918589608,0.8040899016136959,0.8041786194306807,0.8042834930029593,0.8043399747185939,0.8043722535465618,0.8044610336835134,0.804533686555482,0.8046144273614066,0.8046628796242398,0.8047436463644758,0.8047840358150227,0.8048890673627146,0.8049617975723136,0.8050264576827688,0.8051153822980056,0.8051558090723762,0.8052285874979913,0.8053094678478877,0.8053660937609868,0.8054631852841599,0.8055279259728125,0.8056250565218702,0.8056736305809291,0.8057546003638081,0.805811288896036,0.8059084877970327,0.8059733000924846,0.8060543301228561,0.8061434819767734,0.8062164390724614,0.8062650844730491,0.8063137357443129,0.8064029449926073,0.8064840614406567,0.8065408526648291,0.8066138817066913,0.8067112743371736,0.8068086904893683,0.8068980092993298,0.8069386152963556,0.8070442100177162,0.8071254555338555,0.8071742106958762,0.8074668654070821,0.8075725984347143,0.8076783591562066,0.8077597324091239,0.8078248428179913,0.807898104575822,0.807963237294797,0.8080120937263794,0.8081016791985002,0.8082646127789987,0.8083298046095215,0.8084031579902599,0.8084928302039005,0.8085580588555639,0.8086151425603373,0.8086967046933156,0.8087701246822419,0.8088353980872443,0.8089414898447196,0.8090149542895199,0.8091047622892089,0.8091945902301171,0.8092599321705426,0.8093252846644593,0.8094069901265976,0.8094968851912806,0.8095295792566565,0.809578625306716,0.8096522055259331,0.8097585116805204,0.8098239447289476,0.8098730264553471,0.8099384780127085,0.8100366751871647,0.8101267101832953,0.8102167651963014,0.8102740833569148,0.8103314096279601,0.8104215101586981,0.8105034371209058,0.810568990617923,0.8106181626999374,0.8106919320100711,0.8107493174233997,0.8108313106796117,0.8109215224185539,0.8110117542333448,0.8110773899848255,0.8111430363610611,0.8112086933646316,0.8112661519625204,0.8113482497950757,0.8114221520524654,0.8114796408943229,0.8115453524035103,0.8116275067572356,0.8117096777459427,0.8117918653746848,0.8118411859412498,0.8119398450554458,0.8120303036441348,0.8121125562173331,0.8121865977814922,0.812277111363268,0.812334721420104,0.8123923396494073,0.8125076006323726,0.8126064217951836,0.8126970289803656,0.8127794166844075,0.8128370980169513,0.8128947875371341,0.8129854590439879,0.8130679052409541,0.8131256275291325,0.8131668627530528,0.8132328478110926,0.8132823436327119,0.8133318454796299,0.8134391201566511
0.80175,0.8017900895044753,0.8018301830183018,0.8018943409813767,0.801942466191886,0.8019986195720673,0.8020547808167103,0.8021591011415822,0.8022233117539348,0.8023276759266672,0.8024240361903999,0.8025123867674291,0.8025846880755986,0.8026730740351404,0.8027695172869544,0.8029142256271594,0.803026812632085,0.8031474766093002,0.8032440339030597,0.8033567134268537,0.803493581070924,0.8035580055124029,0.8036788291900562,0.8037271688353349,0.8037916307420849,0.8038883429923597,0.8039528307562722,0.8040092660375655,0.8041221603731007,0.8041866856575424,0.8042673568268681,0.8043722535465618,0.8044287477299407,0.8046144273614066,0.8046709555687145,0.8047274917193616,0.8048082714314395,0.8048729068786893,0.8049213902776942,0.8049779616261208,0.8050426243335241,0.8051234673281048,0.8051962399068011,0.8052528498970521,0.805341824537437,0.8054389102087561,0.8055117398249827,0.8057141134381155,0.8057869928340988,0.805811288896036,0.8058598854156197,0.8059246898936491,0.8060219161556248,0.8061110608391397,0.8061515876686709,0.8062083320763824,0.8063218448603582,0.8063623928873155,0.8064272782136391,0.8064516129032258,0.8065165125894034,0.8065976518878459,0.8066706912164202,0.8067437437739609,0.8068249288021656,0.8069223724071297,0.8069711030366471,0.8070442100177162,0.8071173302461369,0.807198590485779,0.8072879956501601,0.8073530300283971,0.8074343377376733,0.8074749977339336,0.8075319286088393,0.8076051372450265,0.8077027694105557,0.8077841475824409,0.8078248428179913,0.807922528114797,0.8080039505774697,0.8080935342438139,0.8081424064349001,0.8082075785526356,0.8082890584831285,0.8083868560884865,0.8084276120757456,0.808484677362429,0.8085499046985145,0.8086069872518961,0.8086885477396059,0.8087701246822419,0.8088435580036923,0.8089088432628765,0.8089823017778944,0.8090394454030818,0.8091210931586755,0.8092027573956136,0.8092762693045321,0.8093416244372211,0.8094069901265976,0.8094723663752196,0.8095704505523356,0.8096276773001303,0.8097257991213452,0.8097912268829477,0.8098484848484848,0.809913932438985,0.8099630250742529,0.8100366751871647,0.8101021531994868,0.8102167651963014,0.8102904614638288,0.8103723619309453,0.8104460865082334,0.810528018439702,0.8105853806490749,0.8106673407482305,0.8107329207620434,0.8107985113870798,0.8108149107016444,0.8109051187911521,0.8110035505113343,0.8110938005827129,0.8111594496155403,0.8112333174813571,0.8113071988018862,0.8113810935808041,0.8114714277038926,0.8115453524035103,0.8116028587046747,0.8116932422171602,0.8117918653746848,0.8118658484719606,0.8119480677306976,0.8120303036441348,0.8120714278479474,0.8121783702743223,0.8122606528478512,0.81232649091167,0.8123758764641511,0.8124417332090308,0.812515834811249,0.8125981857801652,0.8126558413914736,0.8127629378072888,0.8128288573253445,0.8128865456757579,0.8129772153438992,0.8130596598687747,0.813150368161626
0.80175,0.8017740532215967,0.8018141451316105,0.8018702805420813,0.8019264238132389,0.8019745528748049,0.8020226877138227,0.8021029252871263,0.8021751528310004,0.8022554209151765,0.8023276759266672,0.8024400984846969,0.802536485756041,0.8026409314338916,0.8027293297823345,0.8028338256646472,0.8028981443464154,0.8029865993630191,0.8030831179758399,0.8032118455589172,0.8033245160514608,0.8034452695186844,0.8035580055124029,0.8036385505938957,0.8036949417590569,0.8037352260082403,0.803799689207479,0.8038561029898333,0.8039125246914199,0.8039931408630078,0.8040818373282519,0.8041705533656306,0.8042350864170286,0.8043076984811701,0.8043561138087403,0.8044287477299407,0.8045013947701138,0.8045740549328142,0.8046386527634207,0.8047355689608447,0.8047840358150227,0.8048648268800257,0.8049375527087266,0.8050183746008795,0.8051072974302843,0.8051881534150824,0.8052447622682442,0.805341824537437,0.8054065457175578,0.8054470017379773,0.8055360192906661,0.805616961414791,0.8057060165412174,0.8057707962734043,0.8058679854054217,0.8059814023624026,0.8060381228133671,0.806094851248228,0.8062083320763824,0.8062650844730491,0.8063299541395125,0.8064029449926073,0.8064921739830202,0.8065651942094303,0.8066382276596172,0.8067193914513403,0.8067924528301886,0.806865527443995,0.8069386152963556,0.8070035933929883,0.8070604578124057,0.8071660844265018,0.807263610459438,0.8073530300283971,0.8074343377376733,0.8075075286794847,0.807540062246306,0.8076539503772577,0.8077190437331883,0.8077841475824409,0.8078818230368497,0.807946953130511,0.8080283805166141,0.8081016791985002,0.808191284537766,0.8083053564407343,0.8083624044685528,0.8084276120757456,0.8084928302039005,0.8085417507059298,0.8086069872518961,0.8086803909504453,0.8087374919302776,0.8088353980872443,0.8088925209600775,0.8089823017778944,0.8090557736359325,0.8091455906989887,0.8092599321705426,0.8093416244372211,0.809423333198724,0.809488712087557,0.8095622759630434,0.8096603819314705,0.8097503332929342,0.8098403046433874,0.8099384780127085,0.8100039401501298,0.8100694128701768,0.8101103386953359,0.8102003900684136,0.810306840232859,0.8103887440111589,0.8104788572930461,0.810528018439702,0.8105935759132131,0.8106673407482305,0.8107493174233997,0.8108313106796117,0.81093792670962,0.8110281621752853,0.8110609800509853,0.8110938005827129,0.8111676564918706,0.811241525852474,0.8113071988018862,0.8113810935808041,0.8114632146797162,0.8115617819436993,0.8116521563069448,0.8117343322871318,0.8118247450865238,0.8118905125011392,0.8119645135808471,0.812054977666589,0.8121207823911348,0.812211281303185,0.812277111363268,0.8123511829373322,0.8124335005319957,0.8124911327752893,0.8125899499320941,0.8126805534438194,0.8127629378072888,0.8128453388756527,0.8129112717612824,0.8130019469457289,0.813092642360935,0.813142121116847,0.8132081021594263,0.8132658443560821
0.80175,0.8017981078864732,0.8018061264288501,0.8018462215465856,0.8018863206745147,0.8019585092123952,0.8020307107487621,0.8020949008073471,0.8021912051628396,0.8022714764596988,0.8023678232238823,0.8024240361903999,0.8024802570339008,0.802560586192054,0.8026328961858044,0.8027293297823345,0.8028097088156366,0.8028901039476056,0.8029785571925045,0.8030911622409423,0.8031957523542377,0.8033084183315632,0.8034050143295188,0.8035499518922387,0.8036707731478233,0.8037916307420849,0.8038964033970701,0.8039850785182808,0.8040415183272326,0.8041302254673834,0.80420281859672,0.8043157672976796,0.80439646436777,0.8044691055768497,0.8045256133661131,0.804630577467333,0.8047032609677517,0.8047840358150227,0.8048648268800257,0.8049698795180723,0.8050345409269821,0.8051315525205864,0.8051962399068011,0.8052609376883211,0.805341824537437,0.8053741838272225,0.805455093429777,0.8055279259728125,0.8056250565218702,0.8056736305809291,0.8057546003638081,0.8058274870846484,0.8059084877970327,0.8060057101495899,0.8060624340220178,0.8061434819767734,0.8062002252433432,0.8062813009111205,0.8063705029820873,0.8064191669767956,0.8064840614406567,0.8065814227221054,0.80667880751391,0.8067356261697289,0.8068086904893683,0.8068492874969809,0.8069304937700035,0.8069873478877918,0.807068581955084,0.8071335809851711,0.8072473544840363,0.807320511529554,0.8073936818360339,0.8074587332440353,0.8075156618254336,0.8076132723573141,0.8076539503772577,0.8077515943459908,0.8078248428179913,0.8079062455914066,0.8079713796230978,0.8080283805166141,0.8080935342438139,0.8081831377767026,0.8082809097507864,0.8083705548441737,0.8084439156213448,0.8085009832098018,0.8085743676630763,0.8086151425603373,0.8086885477396059,0.8087946009744877,0.8088680387409201,0.8089414898447196,0.8090394454030818,0.8090965971016832,0.8091700897227577,0.8092354277062831,0.8093497945710219,0.809423333198724,0.8094560213229949,0.8095214054927302,0.8096195015551158,0.8096767352379798,0.8097748689513075,0.8098730264553471,0.8099302959894938,0.8100121236613457,0.8100775977044012,0.8101512686559623,0.8102085775496181,0.8102658945517388,0.8103232196640456,0.8103887440111589,0.8104788572930461,0.810568990617923,0.8106263586269653,0.8107083270134992,0.8107985113870798,0.8108477113210218,0.8109133205218975,0.8109789403410815,0.811044570781152,0.8111020061306868,0.8111922781172852,0.8112989891017274,0.8113728823850871,0.8114632146797162,0.8115289235285187,0.8115946430198305,0.8116521563069448,0.8117178957599319,0.811783645862865,0.8118658484719606,0.8119480677306976,0.8120138551288284,0.8121043302101798,0.8122030532959185,0.8122606528478512,0.812334721420104,0.8123841079733715,0.8124746655857317,0.8125405383492784,0.8126064217951836,0.8126887911285908,0.8127546986193054,0.8128288573253445,0.8128865456757579,0.8129689718109917,0.8130101911473914,0.8130596598687747
0.80175,0.8017981078864732,0.8018462215465856,0.8018622607165004,0.8019264238132389,0.8019986195720673,0.8021029252871263,0.802199231569679,0.8022795044729522,0.8023357050646972,0.8024481298729895,0.8025043540928473,0.8025766539535721,0.802648966842864,0.8027293297823345,0.8028418649363134,0.8029544316474712,0.803026812632085,0.8031394312160037,0.8032681768542546,0.8033647631739796,0.8034774765746354,0.8035741132370481,0.8036949417590569,0.8038077478344562,0.8039205855810689,0.8040253918589608,0.8040737732045612,0.8041382907234487,0.8041947520462205,0.8043157672976796,0.8044206766464662,0.8044771776321731,0.8045659809332665,0.8046386527634207,0.8047194146400217,0.8047598016582017,0.8048405878573723,0.8049375527087266,0.8050102916813093,0.8050668755271719,0.8051396378754556,0.8052205003565367,0.8054227276380295,0.8055441127711521,0.805616961414791,0.8056817268269153,0.8057626982372214,0.8058193879089401,0.8058922863518485,0.8059408926417371,0.8060462263866408,0.8061029559621958,0.8061677995414873,0.806232653553759,0.8062975180015286,0.8063948342452526,0.8064272782136391,0.8065002866885959,0.80658953722334,0.8066625750822509,0.806727508728857,0.8068168095640623,0.8068736476626579,0.8069548588395149,0.8070035933929883,0.8070767062613248,0.8071660844265018,0.8072392267418446,0.807320511529554,0.8073936818360339,0.8074749977339336,0.8075563300127919,0.8076295430735756,0.8077027694105557,0.8077597324091239,0.8078411220603349,0.807930669622613,0.8080283805166141,0.8081016791985002,0.80817499117988,0.8082564645395434,0.808313505666008,0.8083868560884865,0.8084113091877067,0.8085254432141344,0.8085988321079544,0.8086803909504453,0.8087374919302776,0.8088190787482598,0.8089088432628765,0.8089578141238435,0.8090231178292853,0.8090884320789561,0.8091864232294789,0.8092354277062831,0.8093252846644593,0.8093906477144241,0.8094723663752196,0.8095459272797035,0.8096113259752193,0.8096930892051021,0.8097585116805204,0.8098403046433874,0.8098893883529471,0.8099712077587513,0.8100448593598448,0.8101185243566037,0.8101840156024213,0.8102658945517388,0.810306840232859,0.8104051267537299,0.8104952436792996,0.8105935759132131,0.8106591439924773,0.8107329207620434,0.8108067109614393,0.8108641126259153,0.8109543316643908,0.8110363663952254,0.8111184177247205,0.811216901237441,0.8112907795677163,0.8113646713555634,0.8114303642454482,0.8115042814631875,0.8115946430198305,0.8116357231074487,0.8117178957599319,0.8118083048976823,0.8118822909915748,0.8119480677306976,0.8120303036441348,0.8121207823911348,0.8122030532959185,0.8123100303951368,0.8124088035019456,0.8124911327752893,0.8125487731957718,0.812622894326083,0.8126970289803656,0.8127629378072888,0.8128453388756527,0.8129689718109917,0.8130431696261066,0.8131091346105088,0.8131668627530528,0.8132410966963189,0.8133070938029398,0.813373101622181,0.8134473732270043
