0.3333333333333333,1.0,0.8333333333333334,0.48623853211009177,0.5411764705882353,0.5984189723320158,0.5951681358145609,0.5980345158197508,0.5962187711006077,0.6162721304953253,0.604441891633161,0.6181474480151229,0.607011952191235,0.601403937128033,0.591304347826087,0.577862504468009,0.5769365580091133,0.5815518176885512,0.5913524057217165,0.5875049270792274,0.6016985138004246,0.604258907864221,0.5931196887478243,0.5904170008019246,0.5949596774193548,0.5557705248990579,0.5559434604904632,0.5501710376282782,0.5466023875114784,0.5496550120164354,0.5423522242535039
0.7777777777777778,0.7371134020618557,0.560884070058382,0.5684347449053332,0.5712645327974738,0.5322298125766334,0.5269560869927506,0.5287091922498451,0.514404296875,0.523184048108878,0.5110187727239,0.5084940147659666,0.5208984516973177,0.5170590723248273,0.5109170305676856,0.5110263522884883,0.5156737588652482,0.49800026663111585,0.5026451437873033,0.5080536004331349,0.5055764625384879,0.5165091108371009,0.5160586835844568,0.5153559033462117,0.5218154802107254,0.5256094220761435,0.5274235568353215,0.5372640859622537,0.5361433376810599,0.5346709143902935,0.5350513360984566
0.35135135135135137,0.6345381526104418,0.5615034168564921,0.6119261713203975,0.5842293906810035,0.6100648348255634,0.5875912408759124,0.5610587527571687,0.5955086218419997,0.5838807478524507,0.5639397201291712,0.5391852667400661,0.5524141363862618,0.5339992668621701,0.5173547094188377,0.5219527411682133,0.5142253521126761,0.5093898328403385,0.5054220015678077,0.5124941065535125,0.5214589332236391,0.5138562705495537,0.5141386456313924,0.5138417341342387,0.5183915622940013,0.5186803155767099,0.520994918427387,0.5201472556894243,0.5244707644135865,0.5283276450511946,0.5277796530074934
0.5144578313253012,0.5044849537037037,0.49564388783011165,0.5251838033578404,0.4900009301460329,0.5624508261211645,0.553177869227252,0.557886421486878,0.5547096460678708,0.5705605962410888,0.5679522862823062,0.566813509544787,0.5279306549257017,0.5182645475519098,0.5269068484258358,0.5333242931724185,0.5307634781426338,0.5388188920954459,0.542760610966425,0.5339504087561652,0.5354128688137195,0.5337165007017309,0.5316346790205162,0.5313733228097869,0.5302079246763437,0.5306849847709156,0.5231734085920351,0.5238095238095238,0.5206032021844359,0.5243467176545571,0.5344749007096816
0.5133256083429896,0.5205030071077091,0.5059833192312342,0.5155156677821722,0.5471234460826828,0.5323949286213437,0.5315279855152326,0.5040300166759311,0.5114509349181041,0.5087571217556447,0.5260547742413028,0.5210786451519116,0.5204962243797195,0.52421768707483,0.5232166890982504,0.5053306257139231,0.5168366365210698,0.5121356186663331,0.5130666336388408,0.5044707588206864,0.5025383742459535,0.5024432809773124,0.5035118019573979,0.49680845054510536,0.4987200637123841,0.49555294512502096,0.4978185479360107,0.4944459795523625,0.49403341288782815,0.48970850022251894,0.47768122200032387
0.6666666666666666,0.6513698630136986,0.6356335027044747,0.5857383357383358,0.595223130106851,0.6199100834938985,0.6069003895381191,0.5876050420168067,0.593576017130621,0.5912340690083929,0.59472049689441,0.5949703537108976,0.5939768491269374,0.5894686907020873,0.5948160853821232,0.5930319447039043,0.5937244944227804,0.5840562109646079,0.581958195819582,0.5816076960704386,0.5701301702225988,0.563024585902102,0.5581882539911869,0.5494460956498244,0.5440211990725405,0.5446863169280692,0.5267019715434186,0.525981703901923,0.5267901234567901,0.5245621529261,0.5254062575794325
0.5478841870824054,0.5959894806048652,0.6147495872317006,0.5799581917951397,0.5483323911814585,0.5302157088753499,0.5235665879844666,0.5029278778444889,0.5114261368037804,0.5043251932940366,0.5111723293541476,0.5070559247368028,0.5054945054945055,0.5077602059580728,0.49927124325900013,0.4892080863353093,0.4942537542139136,0.4914734480179506,0.4957719784225106,0.4980576119621784,0.5048958256644335,0.5087446272417371,0.51027194797517,0.5290551530385923,0.5261560183551006,0.5170748533977233,0.5227135069654755,0.5184227965540092,0.5139583465214914,0.5102810560895487,0.5325822379859517
0.6111111111111112,0.6935483870967742,0.7371794871794872,0.6108108108108108,0.6165540540540541,0.7280259365994236,0.6734139718588003,0.639537089736293,0.618390470656595,0.5732902779379541,0.5484561296239682,0.5572202741472745,0.5603950103950104,0.569725619155277,0.5667831489031256,0.5690006798096533,0.56551524507912,0.5669663546204468,0.5516279069767441,0.5527982200924183,0.5536093869568914,0.549199452892429,0.5376175548589341,0.5333145711672412,0.5302621567406792,0.5224770642201835,0.5141886365066382,0.5125093820365274,0.5132539138027817,0.514559458951719,0.5167569610684137
0.75,0.7083671811535337,0.6636919938806731,0.59127705270114,0.5486860479878126,0.5426202709014479,0.5335791925465838,0.5380952380952381,0.5576711517305577,0.5334173088322466,0.5450602763892972,0.5367811278615299,0.5269944643438619,0.5340871737558346,0.5306019539867634,0.5256877897990726,0.5254858819215255,0.5316620241411327,0.5263093639360273,0.5396845749455058,0.5376240794108229,0.5317330652255875,0.5353567155720672,0.5316187027904363,0.5253962536023055,0.5263569623300036,0.5203778517110266,0.5219462807456375,0.5193269400482438,0.5106079616744611,0.5107441755258991
0.2857142857142857,0.418848167539267,0.4332425068119891,0.47357293868921774,0.47148058252427183,0.45952615992102663,0.5059760956175299,0.4926876828079298,0.5210135970333746,0.5284323770491803,0.5397010742643624,0.5016979445933869,0.5144699355225671,0.5181564245810056,0.522136845956824,0.5260794473229706,0.5326251896813353,0.536966255323796,0.5367747350750184,0.5419576774731575,0.5511027686532145,0.5533358462118356,0.5591531755915318,0.564625850340136,0.5683097224917524,0.5714009287925697,0.5724860603730052,0.5673424048875313,0.5762396502000187,0.571113155473781,0.5716214999549833
