0.8898226993660697,0.889842409978296,0.889832578381739,0.8898436806110667,0.8898017641932063,0.8896725216995329,0.8894720747268633,0.8898232873126639,0.8898987420822553,0.8901948965240104,0.8901732814121375,0.8891728598491218,0.889568345323741,0.8895607044610192,0.8895278140803454,0.8906749495544924,0.8909196053844525,0.8915446771609228,0.8916247954290965,0.8918030900250309,0.8906282564898224,0.8909807101894225,0.8910430174310275,0.8918653089562601,0.8930712587696411,0.8898279014423774,0.8901510321885179,0.8913729524778342,0.8918727422670832,0.8918184714298126,0.8925882899628252
0.88991161840469,0.889874591269687,0.889683554863467,0.8896278666281113,0.889611363977392,0.8897619571782583,0.8921873489969131,0.8926838954923264,0.8921201230573262,0.891649287203954,0.8912719930775886,0.8929366965384946,0.8927848723547771,0.8902750898534697,0.8900863565855578,0.8905708088294997,0.8914824009837815,0.8924892269427654,0.892876701273397,0.8932717036213248,0.8922616180200468,0.892723886010062,0.8913201533208862,0.8903289550156922,0.891337888472559,0.890548137737175,0.8903019363308172,0.8927019628400024,0.8911922556932244,0.8929889727894715,0.8920759208583982
0.8897611565751341,0.8898453336295227,0.8890054752164134,0.8897857980731277,0.8908707873016938,0.8905548231403482,0.8909919107830048,0.8905537641945885,0.8913911076434301,0.8909848306217087,0.8915427598378357,0.8918499630492545,0.89215220245371,0.893081545847445,0.8934637159032424,0.8935646398717508,0.8951456977129978,0.8947598102828531,0.8939733229481063,0.8939530452847296,0.8928229554707232,0.8928427244939154,0.892843892032279,0.8923962502694609,0.8934228342600329,0.8918835426806166,0.8918062471706655,0.8919372082561678,0.8913271065206075,0.8903079024985194,0.8902843393292057
0.8890893302333399,0.8894850800683517,0.889544758457469,0.8894627006872756,0.8884123535867058,0.8864846416382253,0.8864420875152371,0.8823954154727793,0.8781999663999908,0.88260964433777,0.882795661745214,0.8833876671773664,0.883337655228052,0.883968574219992,0.8828263140387836,0.8832897135112399,0.8821284789077543,0.8799158582517084,0.8807303036316729,0.8811884076574342,0.8840391261055468,0.8844633521508805,0.884003210254067,0.8833475661827498,0.8856357476187432,0.8859612484046874,0.8864046369254763,0.887203020621551,0.8871901621564889,0.885958034429088,0.8852449391761777
0.8890370959877598,0.8875184974708401,0.8893602968750874,0.8899451594726829,0.8892606036275641,0.888807151296284,0.8894625386235759,0.8900749692290478,0.8892779434056192,0.88970098552217,0.8903747665071716,0.8908551262126118,0.891561114985714,0.8903196059467848,0.8901145857931608,0.8910124141663566,0.8907508532423208,0.8909078473393827,0.8902843306970798,0.8917247416468662,0.8898226385242425,0.891589295466958,0.8915617343741097,0.8914224657285107,0.8914640098768268,0.8914731810817511,0.8913577987946434,0.8917184217209614,0.8930598243372356,0.893316499190001,0.8923781972331223
0.8911118802264176,0.8918015156861757,0.8900577804343495,0.8886585761267312,0.88998563418138,0.8925893675008765,0.8925109483261666,0.8927613787741054,0.8935924351721021,0.8874056776397191,0.8905515276458734,0.8932388409441618,0.8922945294569924,0.8906668837474343,0.889132552185096,0.8894095046211153,0.8899511502116436,0.8906568250265481,0.8899569976316692,0.8892500932140194,0.8884649371777691,0.8919478213752514,0.8907730326934318,0.8908753447548121,0.8910589200020789,0.8939022847746847,0.8937357283775933,0.8928399752124031,0.8930455524151659,0.8933787731256085,0.89327806978952
0.8898089101087332,0.8903051543630154,0.8898035817446562,0.8898420441476329,0.8887865479011985,0.8883014477036133,0.8889251565920615,0.8885977145942056,0.888173700704998,0.8879330322573352,0.8872502162137558,0.887173274512269,0.8866851945426983,0.8861849774046661,0.8873127546850621,0.886798172116193,0.8877438730828309,0.8882764929533176,0.8875545095867654,0.8880633289354906,0.8882479080716966,0.8912581704127193,0.8893478069014209,0.8893271557332172,0.8889335279069355,0.8888468205185847,0.8893819371696936,0.8891353721016215,0.889122000961099,0.8894499506787543,0.8890507091053235
0.8898560540033419,0.8898875655497289,0.8898597710593225,0.8899540665285515,0.889991103202847,0.8892842310843725,0.8886069382415303,0.8892993724121179,0.8916432750515743,0.8901010785476311,0.8904172397982577,0.8901641577549213,0.8893791148500366,0.890370462134479,0.8899482660378104,0.891165766213803,0.8906468124709167,0.8919189206178674,0.8922450384306527,0.893109565996245,0.8927637016558839,0.8942756474787225,0.8948616057625138,0.8950630821973151,0.8942109308628989,0.892975175519323,0.8924360413315899,0.8924151246611056,0.8923994073117436,0.8925329057413453,0.893148412661844
0.8902347548270593,0.8899080021986198,0.8908457368051922,0.8904370840306698,0.8906533222129552,0.8905644430357927,0.891774988419014,0.8915879090838085,0.891159658601519,0.8905578555338977,0.889649214925727,0.8899482290225025,0.8911613900406655,0.8912387742510455,0.8915250725238293,0.8904882476038524,0.8902789088535801,0.890056233078009,0.8899328703166013,0.8915408345510635,0.892416428108381,0.8919125038998856,0.8928277615735547,0.8914371662430334,0.8911254285998003,0.8910886457852177,0.8903637807042122,0.8895823557015485,0.8882051763821692,0.8880911888803235,0.8870200837413952
0.8893629787659588,0.8896416909167648,0.8895689166824023,0.8891457660651665,0.8890272304331635,0.8888356626022826,0.8896723813343136,0.8898654798666525,0.8904769874476988,0.890407901344791,0.889655094958389,0.890703125,0.8908228025206792,0.8901769747795524,0.8900272381827761,0.8900125706390641,0.8904139136752719,0.8900284252416145,0.8916033297140789,0.8900992509469322,0.8910365587990652,0.8912559222949671,0.8913090116640132,0.8915902097507269,0.8917424345230017,0.8920528674343411,0.8912340619307833,0.8913810297176397,0.8917137852533563,0.8916688087281867,0.8913594739211451
