0.0004000000000000004,0.0004842569076454439,0.0006811524201671737,0.0008555688926710328,0.0010541726149120687,0.001398958763074093,0.0013969270731510797,0.001792281055882736,0.001591719418356014,0.0017280415797395943,0.0021540776662963583,0.0023593959123521862,0.0027621208973402944,0.0036574136013153417,0.004166032600418502,0.006034663155283801,0.00996440923946637,0.0036368084687402997,0.0034415397472351826,0.002962575280944185,0.0032797963587182562,0.0030157060478264597,0.0030437538251112915,0.004283958716422285,0.005244492766184589,0.0055236958691390866,0.006478660938978104,0.006601523171294706,0.010033587356030854,0.003327795006299728,0.002282961530338799
0.0004000000000000004,0.0004939439660383609,0.0006814391533781038,0.0009317085428842222,0.0011717738456582217,0.0011638672153571118,0.0011132910071215282,0.0010799160451368873,0.001422519467291525,0.0021120198631973544,0.0017793731940570995,0.0023252009233206395,0.003341696786694639,0.005222403440593462,0.007892606945407398,0.011919268448944942,0.0022345373937340375,0.0022121383840017117,0.0015197569944907841,0.0018067982089141977,0.001498002821217937,0.0021035324599752363,0.002594108921835934,0.0033686596025644337,0.003703796170463698,0.0019307366634729536,0.0020725113169039874,0.002111518727960462,0.003111572575070303,0.0028033854045196845,0.002382905208460795
0.0004000000000000004,0.0004660463223453554,0.0006255413726483129,0.0008208710355118888,0.0011449246488420448,0.0013780544948075752,0.001456363353245626,0.0015478321627764996,0.0016447748126856426,0.0013460585671928147,0.0010809780040190494,0.0014493538969928246,0.0016312459065071097,0.0016193811953774777,0.0017182594533305528,0.0017687451278202476,0.0023147145247084037,0.0021451119747385025,0.0011801561470715567,0.0008999647712831411,0.0009357055996107365,0.0010997909741068473,0.0011354212452052734,0.0011914729761569854,0.0011941732524776722,0.001219066338296618,0.0013866636041694293,0.0008297797319160826,0.0009355293573208004,0.0010035440310250548,0.0010310836381786982
0.0004000000000000004,0.0004948791941848545,0.0006945617071424444,0.0009002953604823384,0.0010669350031861308,0.0013333497234810762,0.001699036357478293,0.0020151070595910395,0.0021125630282923845,0.002769103439225435,0.003334864651059121,0.004058130991393907,0.004959526307946243,0.006633264393915342,0.004350513659738903,0.0059579083724516976,0.008710800371217343,0.010019670849848419,0.013840547906585813,0.016936774480282343,0.02227410880489342,0.031231332405180168,0.03336087985429334,0.030879773993394664,0.013975789190872447,0.008544110416998827,0.008453408150229274,0.006896964195845231,0.005728746482469618,0.003680957434890385,0.0037743128098719613
0.0004000000000000004,0.00048352917003416395,0.0006756004004012054,0.0008694146378511748,0.0009139751894062723,0.0010717787125644764,0.0011855246885695144,0.001276956732141935,0.0012564723488410587,0.0016023857106056715,0.0020414807261302913,0.0029519711114814025,0.0034723735062264574,0.004586685543042231,0.0018374127118835893,0.0021892201536039763,0.002767811629735563,0.0034923483361919807,0.0013668898260223894,0.0008739910516605075,0.0010236535558611674,0.0013524069247796589,0.0018855257587598458,0.0016332550885704144,0.0016185921413147731,0.002021577283234992,0.002386736097555388,0.0026449199889773227,0.0030680702820568414,0.003962742148175113,0.002375498335497396
0.0004000000000000004,0.00048114109296897397,0.0006925035087748373,0.0008875148928852948,0.001075787240869347,0.0012319474197615432,0.0016603492444914175,0.0016419368598205087,0.0015124014132188374,0.0015575679335853142,0.001477801448917446,0.00125901922570055,0.0014745938465306242,0.0014967022223085606,0.0016374423129170586,0.0015329740495082652,0.0020546418603206783,0.0025078839122285868,0.0016187645759455094,0.0017472238664665905,0.0014638266665693378,0.0014577082743567845,0.0018773523024314116,0.001640053707833694,0.0018451522437346146,0.002039704244792594,0.0015995339605387505,0.001615959975849283,0.002245742022414565,0.0024347378203826006,0.002487613130520761
0.0004000000000000004,0.0004329135520275083,0.0005989994044758527,0.0007681849016091183,0.000821471363188039,0.0010169175432754257,0.001069850812857891,0.0013031512016168677,0.0014422902729572115,0.002000767611619904,0.0021697549181430124,0.00237973828061294,0.002076167008663324,0.0024135663413956524,0.002956236858466843,0.0034821826953951745,0.003730986271342963,0.0038098901503392413,0.005056112255415568,0.006476323498474278,0.009172539319177908,0.004591961472121948,0.0021538554881346335,0.0013877041896813744,0.0016490786985651684,0.0018691507174602572,0.0016294052682473555,0.0016043083623914316,0.0018978526104470761,0.002149670522676558,0.003082241389319271
0.0004000000000000004,0.0005012860566724089,0.0007037860162044331,0.0010213489441060657,0.0012354386651725134,0.0012319904716026747,0.0012369283498440595,0.0010869784683990643,0.0012195910140296077,0.00114153671702269,0.0012548979882444702,0.0016338319858612176,0.0019695962153268576,0.001830026641090015,0.0013883430636521608,0.001466038362651043,0.0011457584661600435,0.0012039120018461481,0.0013106572181441208,0.0010584778031523623,0.0010938701984296872,0.0014053592960619153,0.0015249448377278377,0.0013245238333816406,0.0016869576396085308,0.0021030145712734706,0.0025688250155216923,0.0028193298524450093,0.002955217226258739,0.0025153968026264393,0.0027432803834599177
0.0004000000000000004,0.000481148191844047,0.0006073943992869426,0.0007927305984216617,0.0009908581913369114,0.00116139981905565,0.0012941340047745538,0.0017553866692941267,0.002293666634347448,0.002723446012694434,0.0032343688037303983,0.004767465074020471,0.005652559949614228,0.004151412196036024,0.005013994759201167,0.0052028503629861925,0.006357443021105927,0.00582652668059445,0.00841443332569313,0.013441116266379853,0.011832512474169535,0.0010698531333575147,0.0010728656683994535,0.0011120731459580238,0.0013024520131932795,0.001583695768913237,0.0019087762545527028,0.0011845323363600354,0.0013835809646872016,0.0016373256069447263,0.0012793408294911276
0.0004000000000000004,0.0004640122887636152,0.0006413189727689648,0.0007527076944221124,0.0008789670697274431,0.0008765314089190049,0.0009659116470286395,0.0009694725944545594,0.001198030524260349,0.0013414034317769214,0.0014574112318693194,0.0017362925167725193,0.002170124031753528,0.003148449611284247,0.0027703589223152273,0.0031506532710177696,0.003912288868187831,0.004890785183480344,0.005589372183872822,0.00688294832053949,0.007311830739716844,0.0038023725653506917,0.001659687816905409,0.0024344550975594443,0.003400041970052673,0.0027312038202925598,0.0030267258486063654,0.0038908431803039135,0.004931341738877238,0.006083789563014364,0.005732227585514551
