3.0093885969361214,2.806739841401677,2.892508405970123,2.9068914000660717,2.8460206466383946,3.174775937072761,3.0981362442341536,2.932609775222558,2.9444405154843554,2.788047163044019,2.9859100336911246,2.925169164518517,2.949705145351059,2.8334692792001035,2.840688600182601,2.6674068489696094,2.957760193517569,2.8887200863311673,2.997591180493118,3.000355448026282,2.6831245457560255,2.70782022971908,2.940437380135169,2.8588892725592436,2.803353988429178,3.004033526253881,2.9967647084919533,2.6883453482160133,2.7234714774291207,2.8661712563411146,2.844967662439176,2.8449765859500102,2.7975654069761786,3.0206048382820763,2.701760478249691,2.623475072721036,2.837504500439011,2.6798289052819024,2.8979239203178526,2.8242715562946707,2.9446542700121703,2.6043506255630713,2.5190983366706323,2.86255475430259,2.748403708150073,2.7515656969686915,2.8842908348640686,2.649510455223952,2.9847063676110928,2.7129194967248647,2.8110947275722773,2.8538313469204,2.7990811252468597,2.7894962115331423,2.86500686446646,2.7166679297982266,2.6625373589289096,2.7227930204908355,2.493608985168317,2.789386400714901,2.779406123627225,2.774851399203329,2.7540153800066083,2.9137120265280956,2.7467311248810096,2.7413213575230397,2.777209987473392,2.8752328234880804,2.953442876813184,2.8393618725857928,2.7308105514902574,2.7070158242371423,2.8392537079983566,2.7444478209220473,2.8038271042070164,2.662210863044265,2.8732873605305773,2.801911770163798,2.9460279656960195,2.8059415549826747,2.7527059601408497,2.7648364944245243,2.690687358815791,2.766577939377474,2.6498066869292627,2.943630594261213,2.814517168283001,2.7910345327461505,2.7942361774286826,2.7197515324266415,2.8172911500891606,2.7807842097174382,2.693320273725048,2.9378281771220225,2.9093386393590337,2.699923296713138,2.782450580590069,2.623810699392353,2.621186183820275,2.6624501233999203,2.7170354092147835,2.771983660208625,2.7827508094585176,2.8377010079694514,2.708146211194612,2.9378475421443873,2.7495548390584506,2.629925048273498,2.769410926401283,2.800364042764628,2.889954031151294,2.821072077017238,2.636609400984053,2.797146813278291,2.7563562680313756,2.815768711889396,2.6800196397931315,2.827407932286549,2.7693142676811893,2.5431050780313913,2.9598584530584313,2.7116188504377563,2.68814474153583,2.5708169449205394,2.6499039604835746,2.6609657543360514,2.725118461707421,2.5291416959559125,2.8323160908682166,2.6736783334231276,2.908825917068942,2.8486359079207406,2.623053098025124,2.8029606577969433,2.787003974062525,6.322027276634104e-08,2.621007390852955,0.0,2.6343139284064327,2.756899438807987,2.8079853809415916,2.8129902222780645,2.527735140121616,2.8168812680776614,2.7450650915577146,2.5823265470048975,2.598709776070449,2.8477035071329353,2.6970496872910172,2.740841545508497,2.5896348589106033,2.9384577423035974,2.679055579379976,2.7132553971691555,2.7252513629939386,2.620761100263063,2.766828788754559,2.7404740823143223,0.0,2.723589566288007,2.6952889118153505,2.724553485649849,2.8916022590730557,2.4279797008383257,2.740309794822153,2.9802322387695312e-08,2.5495141869147635,2.6379358367967596,2.8045402249267752,2.7525171278504605,2.770259001697215,4.2146848510894035e-08,2.6485202202441873,2.796446610037486,2.82355541028397,2.7261674663674023,2.7288185189557335,2.8380844913287864,2.650030777402614,2.6611020044945413,2.8581958751056757,2.7057298009142117,2.404111960279938,2.6370121865605713,2.5044466503569134,2.759607717033103,2.851754801545927,2.6546619031311423,2.1073424255447017e-08,2.6174556567506495,2.8939769150448096,2.546950557587298,2.8759877462502574,2.502501470546666,2.743285919374438,2.6620936410850002,2.7711109123538873,2.317863879503263,2.7197737606452588,2.6897125647143003,4.2146848510894035e-08
3.130913670498283,2.940715413805301,3.0281290076746283,2.972581936033351,3.0000840692535067,3.0138776371228273,3.117776136005044,3.0831666897752528,2.955897621961162,2.7729864822781534,3.000616217434004,2.8461282323230948,2.8466072906328224,3.1305323139405288,2.8015858626853682,2.7714635072191975,2.737223401587316,2.8679492380444556,3.098406317558222,2.811819145923529,2.6192048018727374,2.680711970642067,2.807498637133625,2.819919463576459,2.950872481344463,2.846656161370541,2.881705560587768,2.7229123356354124,2.807443082348577,2.7401510989623086,2.77004263521162,2.805523085241154,2.6564393518153673,2.8557461459127733,2.9015455855048145,2.6590842183236867,2.9565754682715712,2.899679116657357,2.957175898786628,2.9021040231747,2.8555439989429283,2.8501721885942524,2.9483632563768527,2.753340047784798,2.9038576024732508,2.952896958309918,2.853851290885064,2.7842934039050724,2.8784458801883455,2.7728943657123835,2.8264901245622602,2.903229463874691,2.94372579133651,2.6477700455465323,2.9130636916713346,2.940789949513664,2.9514839592582365,2.9065555342619547,2.7472853353836415,2.891781060076257,2.8336799476056154,2.7870405737126918,2.780068118019003,2.6599461977186296,2.7536639789377233,2.5913108175684827,2.838287636942214,2.8053668390493156,2.779908181716953,2.8236697351570004,2.8147367150455307,2.6368312375517116,2.6422971191187887,2.7751614664047035,2.7734410621132075,2.932507154309105,2.7498141357942805,2.7731603317309554,2.590272605237709,2.6637766706206323,2.862155402147041,2.958672274492195,2.737918712540849,2.8060711182734983,3.0162195311917905,2.773181702849923,2.7412799453612764,2.69485364653013,2.8460960586827357,7.300048299977713e-08,2.857454413874629,2.9242130519329814,2.938728480082558,2.6567938223242327,2.8837655603044245,0.0,2.806425749266421,2.721576803088136,2.883039474372543,2.705728574139993,2.779867456932439,2.7860779071376442,2.7732906243645314,2.5933562002910784,2.7684072863579874,2.787258714247321,2.7533159352492387,4.2146848510894035e-08,2.7892683855237848,2.6628248302070974,2.8057535925131063,2.6707520740069035,2.7326062167624685,2.822794373913273,2.757583755988498,2.729339860930545,2.6744535442569517,2.5700052505100266,2.8125406727176068,7.884953353001448e-08,2.6687824349729126,2.848898554912341,2.455342372688732,2.7533636736150675,2.51489588443684,2.700416899446988,0.0,2.8043041722452586,2.8524024036573663,2.7834895616838433,2.8885814396096654,2.6360990156668236,2.7090745881698988,2.6961121486370327,2.6637119593938277,2.6068124529776853,2.706650896128229,2.7052977351173566,2.6564754678228417,2.265071809361196,2.879812042215089,2.4546418514229313,2.678143154078172,2.5579366755390387,2.722581576821018,2.4334949656009064,0.0,2.651047804398077,2.548650530754539,2.7195637515880304,2.6808622313545882,2.671012152949889,2.662014541838781,2.839409961286129,2.676532229726508,2.7901118104274154,2.594579001613937,2.832091512448688,2.7162912950039733,2.714562386399292,2.7865080360755914,3.942476676500724e-08,2.753526358481188,2.7782382930286573,2.562162054288231,2.856942816328065,2.7720801388979868,2.6876520027154664,0.0,2.8343728099915686,2.6103241613912895,2.7446746513935927,2.681581466205151,2.478337249546377,2.6199842287085437,2.622887624442526,2.6251385459396848,2.7254943749257214,2.6588957378118407,2.7565209224451825,2.8164782493133305,2.437183576067114,4.9421560620597e-08,2.660255277061696,2.6369581254684804,2.5085279731007573,2.7073482318348714,2.593708867401109,2.511279133078165,2.8600005029903857,2.765750594925771,2.6326048412166765,2.727258234694487,2.823917104887589,0.0,2.8637900803177208,2.7555846706873512,2.655853963622949,2.7440240214829377,2.577893199969713,0.0
2.896424257511413,3.0721536618209555,2.865002252370365,3.0377985542021384,3.074264867169489,2.8182655827915597,2.6590421772233976,2.8543512659997163,2.8145205915806333,3.0558350369890164,3.007688533191862,3.00135221733117,2.964516262908325,3.0679594332426845,2.9720011295345192,2.8540968418947643,2.57738752109686,2.977740405092397,2.947484502468918,2.8662292877603304,2.85937313919423,2.6922968204331594,2.7533566752727716,2.7224055636839437,2.874180743684455,2.6830436651937553,2.7684195817947677,2.907030026312011,2.6110146915881014,2.945625565157986,2.884552413983512,2.727672048030408,2.8247909278938446,2.8141204568457745,2.6523240679381606,2.936283515109218,2.875944692701659,2.8931939778011517,2.629547984505332,2.793440143961816,2.9605271493819005,2.679381551302668,2.813148372661492,2.836038448817967,2.6367619103382496,2.7014808763647977,2.929979365712076,2.7571650487048465,2.8403458509589794,2.7421387815230363,2.813006137858991,2.794086316003105,2.7533057637821505,2.8152420430184852,2.933458808426414,2.9923432070831097,2.5683987557313523,2.6776617498975575,2.8379780417849143,2.69257417859038,2.9010249921937015,2.900505817117185,2.931539838065174,2.693352186598196,2.879948903442965,2.6345099827772893,2.6835824184755226,3.0774611323699292,2.672329075282825,2.701003391251355,2.676824550800443,2.7409979226256773,2.7982994338951954,2.637224673939499,2.5632021088224626,2.795980655724358,2.6523869184615467,2.7065841180197854,2.8239426840816555,2.6913952227440565,2.721113094147089,2.7773876690638186,2.6684572348205626,2.6901213059389573,2.920587622585307,2.673979802387833,2.6691732205551477,2.649858629823029,2.9992345644634986,2.7515987284148173,2.752134863907688,3.07127331172827,2.6879193108128527,2.760930064978486,2.743610105698018,2.669981070824799,2.7399056116513214,2.8249465624580843,2.9393257999722517,2.912308762980127,2.795309572903992,2.6032680166288085,2.707547721062105,2.7895132204715396,2.5889120665342666,2.8404028671396193,2.6618699159142687,2.811144008794033,2.9387707037291837,2.789663466118061,2.7563582186221454,2.6889438232674996,0.0,2.689115269803787,2.8243356105249346,2.6927833213199066,2.6929706257171095,2.6903785892069636,2.5352331310364886,2.650647042382326,2.7228856721518624,2.714579593605837,2.8164287523767175,2.6165085152551413,2.8961902190922086,2.584276066905186,2.641750609703041,2.753814081367187,2.8937851259043876,2.663708560807786,2.728121834514476,2.7403097832378807,2.770778193053955,2.551529013534603,2.866813036154496,2.5557856216271273,2.7228809455511995,2.678897969180439,2.7083375150339406,2.685496614384465,2.537587576029536,2.8752505956709875,2.6678608042412164,2.4979278717809152,2.6987628874156093,2.7645668748163135,2.8517245021088846,0.0,2.598984039216101,2.7862938895372262,2.715950703522276,2.735422016589695,7.81423485405856e-08,2.781436720868412,2.8718055985915347,2.4943406488679982,2.707095165957975,2.8051108045400257,2.775514160097173,2.503242722623748,2.6220429462414003,2.5924733578202797,2.550706345768934,0.0,2.66436419188805,2.542821916924334,2.8039554825583113,2.9349545315572474,2.6684267099852366,2.7042062560481996,2.6985603673379748,2.6559892539467764,2.9240968020056917,2.6612942956276555,2.7937863227495976,2.7010992075927778,2.867102471242022,2.628318527231382,2.399231939068196,2.578312275292329,2.608428912850853,2.605470327207956,2.6436959166666814,2.8188974385324883,2.4263911790441735,2.9802322387695312e-08,2.5481836886046514,2.7008346939505024,2.7900878783336,2.5744484496689686,2.7157034934798268,2.4614593579232564,2.8317617306525342,2.7698527348191857,2.5834633986970212,2.603217847890668,2.652952502787036,2.849601488537232,2.7667543150175344,2.6143234824206725,2.7608610256465838
2.8951324977341817,2.914848196531007,3.0060461206498323,2.86041588554441,2.842790143875061,2.751564815927208,2.7134688134776117,2.942007971566076,3.062474179137107,3.0549616000905346,3.036039215834009,2.800088115110121,3.0130659729967295,3.0605752046047816,2.893923922717608,2.658794968233414,2.6605776948352573,3.046976028603261,2.9934484489667836,2.9511378206000454,3.0458383970364618,2.972501845361234,2.6774201444348247,2.8318714135591323,2.9118444424637535,2.7935876360266763,3.0155855298275527,2.6012327803027846,2.8196504399085933,2.958878401573679,2.821397283336578,2.8600480430525375,2.8128310302039603,2.9062061824329173,2.914690765182832,2.8986239945686356,2.971416110313829,2.539328969049603,2.84009694081171,2.840655870458848,2.833324843159672,2.596416792997695,2.752712594049593,2.7426989048948154,2.8584879164683445,2.8628452436728153,2.982288222178782,2.659723024235245,2.947465301758662,2.6806773335083744,2.719156166395903,2.9309031311404,2.70786777130718,2.779555303547355,2.7592338058271557,2.7297650316392494,2.669627534071496,2.8619617716406602,2.840725936758644,2.7580843892599236,2.8505264493493807,2.317863879503263,2.7787619950944555,2.713999884890871,2.9434671345460175,2.7283715189080353,2.577458436992093,2.7754971207688204,2.843165572403813,2.695235638004601,2.7090213646219947,2.668340325941745,2.668754517391042,2.7218501972136533,2.83428853850886,2.7273612832860485,2.781416857328886,2.624938116030483,2.517732776148456,2.816915185344971,2.5876685524258516,2.675169901068377,4.2146848510894035e-08,2.680133479037701,2.7944322280856078,2.8232940715102712,2.6038442374874524,2.9582134275440564,2.8244876956387817,2.9454329710504177,2.81039262845024,2.7766877509064862,2.80892855475011,2.6012336597340195,2.781036371607029,2.6484981739286177,2.417899828100899,2.655956748199066,2.6576422658045264,2.730494421926557,2.707815969899481,2.726105782345878,2.723074773961041,2.9182009000899347,2.6432103024479443,2.615924767256207,2.697073157001515,2.883690328518262,3.140238887620539,2.830618314011831,2.8076220965001073,2.7762501939267596,9.8843121241194e-08,2.7761444162234663,2.8224527427156483,2.5477158708029135,2.554500559707238,2.8097740167244214,2.747444921403999,2.687377691678207,2.7101898964896756,2.6135060499781306,2.7085684005258424,2.590208208625371,2.7559095528746465,2.8639296431000667,2.666243826679114,2.7662482027661124,2.8208109768103076,2.682113781225806,2.7233457115646917,2.679287252818327,2.7555947335545294,2.595014926854698,2.598191523668093,2.855512458129501,2.489245832075624,2.8236897815527473,2.5871172813316434,2.6778082859325454,2.7549192805334046,2.7921252649677357,2.71594281652178,2.8090061250892657,2.9105380779784307,2.722396098508147,2.5681086120619194,2.496405080807927,2.674769900150773,2.6797867667104787,2.7535555758881136,2.8165942260559746,2.760846651608321,2.7798366046123224,2.571046964878213,2.7103732993006613,4.2146848510894035e-08,2.8391073280401042,2.6747403824163465,2.7574989504048353,2.5424931554506633,2.6723669683183244,2.678558209967855,2.4788088915146913,2.727257263855397,2.559079563189517,2.757265024191377,2.632432826718475,2.7852070998810574,2.5589663900585826,2.822085790469122,2.5984685725425116,2.5913636750753355,0.0,2.531466736886935,0.0,2.7382532632197165,2.7746467984822583,2.696271528250627,2.795852546046441,2.7697674434184543,2.749622360155184,2.8038642629134882,2.5193141179665837,2.8155224498292704,2.7632536995250936,2.7443944931834174,2.652449644626053,2.742166272702915,2.8033624918035995,2.5699979178245274,2.4564607096273376,2.6935317941270354,2.6341411548945097,2.7849883733453082,2.695595115152395,2.6302447368117994,0.0,0.0,2.7778715855448537,2.535361602368107
3.092480089934903,3.1133552671839557,2.7442853618026715,2.822599208316834,2.932277590470634,2.8905515257501837,2.9915744538553195,2.97605105453506,2.773274196722176,2.7383779709704026,2.9371222107197745,2.673184423523022,2.931957792831176,2.9817256418749714,2.6278913923323466,2.7905383115664057,2.8355897727224537,2.9922725088585613,3.055642196061922,2.817251239891432,2.863149659203306,2.96459362866283,2.8273204805859855,2.7605535861679145,2.6883772954244844,2.6811113278628964,2.788196560306186,2.7321071370565435,2.759091842217612,2.71537893264132,2.957663434363168,2.73804206743886,2.9233023096064215,2.774188980398946,2.56967884942553,2.9307641768665063,2.814770080637534,2.9144486343916953,3.0895358464199125,2.7775882498660978,2.8236584667655245,2.959121742908381,2.6322049230974605,2.7630835291423983,2.8426668775674795,2.979707303598309,2.5512759595375476,2.68893583323015,2.814399538465593,2.7736625189700197,2.873278874948306,2.8687063061108997,2.6998064221304423,2.887155750027372,2.641805838870518,2.8112018272972374,2.7444553187855063,2.87295676960554,2.8387418078821502,2.695324973818843,2.8146236154151034,2.780885444912225,2.9122745776854435,2.7354714554347925,2.7814412585991097,2.731024216279303,2.721947042566435,2.7587344666602203,2.850561819828664,2.77179939365842,2.83751059914206,2.7677368543381324,2.680516101395154,2.712269564460919,2.922827541831264,2.7752611868079002,2.6527177761202836,2.7859869967573414,2.7069492503287877,2.8524414178258364,2.830637402345452,2.9519838466574906,2.8252639195038194,2.5921853630829523,2.9677523214758685,2.7011346688950915,2.8778920512380606,2.717973987502016,2.829302106988937,2.638296114188475,2.781461740736522,2.6158096044561057,2.7848430357734526,2.7674277499129722,2.7044583524393686,2.7342951064605807,2.8577165882121727,2.7760497302670264,2.7826221357323533,2.5292228985432796,2.53054926355874,2.6147243304239676,2.809329291511586,2.800648096934796,2.8347226785256274,2.7607016649897242,2.8080015425763896,2.8037691648734646,2.5809568279517847e-08,2.4528196595039624,2.6053912110275945,2.8114388221427813,4.2146848510894035e-08,2.690248717960443,2.7466307896958435,2.8000837109231678,2.69981030286355,2.7814897818839097,2.646066230383073,2.7364242490790964,2.6589307895153826,2.752390519533083,2.7185497506613463,8.815645848363066e-08,2.8134684979377482,2.917997944741394,2.6809284399985813,2.8034879646868354,2.717835294592806,2.8073826155406287,2.794249626232838,2.567258287710559,2.3574915031423282,2.6143098672208254,2.7307693233581545,2.7731161830217577,2.8056815542683866,2.9802322387695312e-08,2.74751640363343,2.5809568279517847e-08,2.768085847216814,2.4768742979850336,2.529549598908656,2.5312289713461666,0.0,1.2644054553268208e-07,2.774293129874687,2.8402157340648144,2.590743482577204,2.755717631070944,2.5875814852551344,2.5910234257015845,2.8094879686513967,2.7740743206641847,2.7650556703647626,2.493667933049775,2.8431995462818382,2.866908030357108,2.6522064921738946,2.6566446961311394,2.8305075124633308,2.714741237844487,2.561772011637335,2.724904643458552,2.754060441334905,2.6409973686528687,2.688243405311408,2.793337188958095,2.4533961077785515,2.6197303731291424,2.639769413854252,2.5275829496753923,2.8203430817428687,2.8412311578783127,2.773803904492802,0.0,7.77863451012265e-08,2.50735925015898,2.707356523311876,2.5106642583181737,2.654959005931552,2.5173031643523758,2.624637025892243,2.6075049351338047,2.660420019072414,0.0,2.7177809187729727,2.6492127201544027,8.940696716308594e-08,2.768963660465807,8.161702118890973e-08,2.5796546403533607,2.901554307184963,2.647622671123527,2.774284382817106,2.5195693896304743,0.0,0.0,2.654772104735926,2.749374974917095,2.888150725304804
3.037140092973922,3.0307757873077623,2.9335579137743872,3.181214858670882,3.136708554270953,2.706308299550276,3.05071156175292,2.7736172730280093,3.0615904554952005,3.067505659935125,2.9419108865972263,2.778631814368886,2.9682797229857614,3.018389932895082,2.9288417741950172,3.196137990310626,3.0209743412062195,2.975630482557161,2.9228252991538515,2.898695655374662,2.9685488280674344,2.916385624284731,2.929493530811342,2.7604367503274223,2.6833018232336228,2.6954671990128967,2.8694691609718137,2.930777941706679,2.7249962624229367,2.838163724644926,2.895411343732089,2.862841788772109,2.8501965618690748,2.672261625487917,2.8713027436122895,2.891356300671422,2.769117201330896,3.00782386400588,2.784616096894866,2.7612465971545297,2.441083757280998,2.8744789792070526,2.7136940109363556,2.8793566375664077,2.6434162668609704,2.8581060461900565,2.863876345007207,2.745289302172964,2.748512246376695,2.9506741273314394,2.850918383316022,2.8183506540444556,2.598300052146464,2.787338701969151,2.759068894721205,2.6096019583774,2.822391681647385,2.852072025848059,2.8679809819815496,2.8479741037711865,2.749249344170763,2.809931918739082,2.885927441758952,2.9219351154586763,2.887277111216698,2.6408320048729244,2.76502862480945,2.786553839320717,2.8535328075672837,2.684960927214384,3.0136560577021196,0.0,2.788947818262009,2.8573289166613978,2.953461141369987,2.813261357259964,2.839008192428069,2.9069517544462795,2.8102744031470346,2.84912444406654,2.784521466483455,2.681809690557002,2.7241820193439352,2.5777543121867748,2.8775547159845263,2.805621015379434,2.738473130667128,2.7760126122597604,2.4074490919355847,2.8958623283332416,2.7810774018930817,2.8466595414813125,2.7867980958437557,2.6346757580432407,2.817052703839509,2.7202673793403505,2.789589774495051,2.4286795553375886,2.6416675835602463,2.7368089034253904,2.7891937691415087,2.7364560695875726,2.865134941573739,2.762993917367329,2.7707264638042504,2.7642570063512744,2.843329766343091,2.748509569899705,2.820627237608657,2.642935818461362,2.7104236987514523,2.928312779228114,2.7651128479276603,2.841783218318372,2.6836152421643074,2.8129635544039204,2.5642756421032282,2.5614227124538074,2.671737534429279,2.670179888989968,2.7505963126542192,2.475237271373675,2.6328826519050095,2.823714212612855,2.6499039604835746,2.588320843752343,2.8013308947335895,2.7547150668549287,2.860647758267327,2.675578216310364,2.9261040343556655,2.6838440214597385,2.701979217614561,2.8091862526405205,2.707409212017616,9.06402249678704e-08,2.8520824447139512,2.8572971387246713,2.915510812774973,2.8365413706996696,2.575176013856914,2.67917654449436,2.973025531454205,2.83838458274434,2.5192759680568835,2.6985899906553423,2.8666874937144797,2.6641243881631307,2.8014440274195866,0.0,2.7030665489992565,2.585765482724621,2.6863198342723273,2.8231035309880688,2.6646477500786725,2.6343155117096857,2.6144268784883007,2.7447879293637065,2.6478814715580934,2.7118770745090157,2.607018676467519,2.800069444861551,2.8497017864926266,2.8718235861919266,2.7502172915467,2.7087236839058697,2.8604862272030482,2.742907179679558,2.6724170835137535,2.3927217897006927,2.655233102352711,2.620779602354669,2.6461990006157876,2.5729016472485258,2.7716801041977295,2.7997882235503413,2.7810011742046346,2.759029130931686,2.6949729583366735,2.8340581219698375,2.7533921798476833,2.8143163623341265,2.6744637215532236,2.67793157861868,2.7448930191861987,4.712160915387242e-08,2.8119788043656433,2.762700129271737,2.711723108971956,2.629890945145153,2.58339258239324,2.7307306693414177,2.7348749599381206,2.6232550501995737,2.7209394184528435,2.9729503353799425,2.791587452122734,2.6571628403115772,2.6682546298441667,2.673642649740803,2.9416132486472226
2.8982124537053093,3.0386613078295452,3.080749219619456,2.9728086294658587,3.082958002066926,3.083252679182794,3.1170390560926333,2.978519373602021,2.908879713546219,3.1020174007514267,3.070340199482128,2.8833730485751277,2.623117844358172,3.033192666819429,2.6949676218382,3.1172554057634874,2.9069600234430855,2.9228197411641217,2.8680583787645566,2.787446158935313,2.9545092453038166,2.8453016309555816,2.7052010693378685,2.774335246836387,2.781632931308368,2.863519603228837,2.868714091425675,2.8566095206274813,2.9254402586961987,2.6415480540544283,2.922937165670312,3.0342802548894023,2.7766670166067224,2.788175374157044,2.9789389904342367,2.946403395069987,3.0109687450856715,2.8583226992042476,2.7837478996380227,2.9971654026031014,2.8712633472961318,2.693422761584844,2.5970429576012712,2.974733021851225,2.922939542163849,2.861133147819003,2.866964390022987,2.8715933604558583,2.9420594756717913,2.9642868364756487,2.83189473983616,2.938934732783658,2.7875730352742605,2.680101166055638,2.7162649793491034,2.5431724631966595,2.5947323684265617,2.864867702626766,2.7432764907286487,2.784734314759459,2.68926690958884,2.7653750476508017,2.5005718946171305,2.851788241289123,2.7400687229802485,2.9041639463059896,2.834481069213596,2.5770393618944762,2.7368504847690502,2.880713437206344,2.8907563257850177,2.8452438172563217,2.820999504420656,2.803532463317709,2.8819790216665417,2.775430165813849,2.688609459199163,3.014531019265066,2.828917596012066,2.894446640398314,2.8140487289282556,2.6674989402207885,2.7904750423630267,2.7636318174329304,2.6248845345137055,2.853219146299307,2.7407453034718112,2.6347156572379697,2.8192665434456283,2.6988631766752236,2.924296431639881,2.6964580061227266,2.750427145647698,2.6924643201832597,2.731404865872461,2.712687043669169,2.848035889745504,2.833155197355766,2.9154904708432414,2.767775359513958,2.7585443698498993,2.7644555416229752,2.8152662559684276,3.0188192123356115,2.639190926457877,2.589668130435965,2.715076081897074,2.616691928587825,2.6167774804714257,2.5860333383049454,2.4904850110679595,2.9179352504726803,0.0,2.7063273689775587,2.752372036978064,2.543968017869674,2.673665736872154,2.784103382164323,2.860609767912821,2.781069918859291,2.829529975196483,2.68529055246288,2.8290979405606493,2.935897290683359,2.708206817961142,2.82357733079155,2.8759928733423843,2.662959535839466,2.960551019476941,2.8177551988874074,2.6639438589071838,2.791587452122734,2.7228928869210605,2.8485073161007755,2.635377670255006,3.098395812904397,2.7260665168747664,2.5822085105573005,2.7464057834689792,2.7391487376891264,2.708859691069303,2.816638773600035,2.680998676651279,2.8933028947819026,2.9139978989769677,2.7491819541999742,2.6542829782166852,2.7132745809506496,2.7474666504066443,2.6590549744952807,2.783298284990245,2.621578785002091,2.5153017404803264,5.960464477539063e-08,2.6087983673808117,2.6179205369575445,2.583375108247371,2.6616482427823525,2.748006575930735,2.8289687392526126,2.948539067845641,2.6302143334715367,2.618009691159767,2.5001965325371924,2.7241211001777486,2.721964659102374,2.476511458285716,2.8191526598414285,2.539542191593124,2.57678777960385,2.7621308652159673,2.680749315549363,2.732667383668139,2.600859143856084,2.948289210270256,2.547016077329744,0.0,2.4091078456249506,2.7851211675142067,2.517103554200842,2.833518168326604,2.9517215707125914,2.485664384143099,2.8099899534344694,2.724843168842367,2.786918145274178,2.621695013876877,2.624349709434524,2.8334143162823278,2.722364010475006,2.8361745666361435,0.0,2.852518860420629,2.394966964457217,2.7637842923456346,2.67603581833892,0.0,2.619783953479992,2.6844524998236974,2.6445961182238475,2.7306392615718758
3.142363664773328,3.047824732001958,2.913311821700462,3.147916554973497,2.903651037642823,2.681276398379962,2.6195345993768884,2.9744737006067448,3.1161619756774903,2.886464647335351,2.8570108664819314,2.6732188886310517,2.875300958598852,2.935984207627573,2.648004921891718,2.552559847417587,2.8494165241830904,3.0311762161021605,2.9136422095526293,2.89463973979354,2.828213191825363,2.786644882242978,3.0044882687273415,2.9203226259813864,2.9498741260524413,2.702439640442522,2.870983663192428,2.992244421972647,2.803214406565195,2.8074774384765084,2.880891545589882,2.8849002754773823,2.8670708995326946,2.7013171360345862,2.8159727942965014,2.8674404600887504,2.8897763202392936,2.8098877843999235,2.9273604623244145,2.8964497821857136,2.919904892256719,2.697517655434785,2.7349388608427634,2.7503647423901727,2.805512343033385,2.8656846802992635,3.0341474695999615,2.7514918803968476,2.73690743345899,3.0055322653792533,2.7532759860640033,2.8429914672090506,2.6908707819556628,2.651893432552678,2.8696245998458867,2.72878444993235,2.8762272114681804,2.7856891463153497,2.6974921364363604,2.912677008874721,2.719632577912208,3.0250706735743917,2.8475837229245116,2.867212303608149,0.0,2.765552965295705,2.687659625808213,2.914281718136372,2.846108466330733,2.5833247214695394,2.8319504552697086,2.882749333523736,2.6949841559104737,2.817310694087887,2.774922765729224,2.6987271803711543,2.8168184003118824,2.7490065141956235,2.887083463748964,2.8270151039478395,2.675666181812847,2.6512422034891086,2.808512644092676,2.661021214039988,2.684679470282278,2.9925497695399534,2.769643184395769,2.724880069776719,2.6798200450044374,0.0,2.9574293725197434,2.7593102719779514,2.848321715931223,2.677246035040817,2.918919306904494,2.8177733911706464,2.670763237015919,2.8954974672288216,2.722473792114965,2.7916276896921897,0.0,2.9625716281076477,2.792382644460811,2.722044457278173,2.745806348176274,2.7749556657690624,2.701782065129754,2.7935920690072846,2.722825573604533,2.841099098920078,2.8143377099267144,2.8001375974075575,2.8792844185931745,2.4981144484985482,2.7882053043809902,2.564369069046046,2.843990778179133,2.753329287043459,2.5604592614561037,2.5377302239006423,2.8976976495102478,2.6058878187641916,2.6997554926905045,2.65567461867397,2.629788969387912,2.703994920651964,2.4521456744335794,2.7762539994474675,2.8060069042445948,2.9295092196917265,2.6956293090207786,2.6773866691352515,2.303408531492553,2.7294926704300275,2.831533264364425,2.6543095948905364,2.658275829666105,2.6076409791815394,2.5895518756374,2.583025389845658,2.73145113484822,2.7963009407813906,2.7428629218509655,2.6764734558533227,3.084526709559317,2.5471079538529082,2.869568554434631,2.451235445662743,2.6093637270288492,2.6798451001871757,2.819045123470252,2.674818757346236,2.552912377924571,2.77679750798993,2.8460025625720666,2.927975108956517,2.806665490653536,2.7253431426139194,2.557330439549548,2.574954261747023,2.6064370552788643,2.5940311507986693,2.9073443853977063,2.367072153317412,2.867875350838229,2.891051169755618,2.6594066708589414,2.607596764543852,2.5582845659722633,2.567934431430168,2.507714476208704,2.8637730637174146,2.64897209407968,2.6156656374349714,2.6173108462082797,2.5574573321051126,2.7594134014499754,2.5553254624933786,2.7831162631286324,0.0,0.0,4.712160915387242e-08,2.8146179265944236,2.6053866656000966,2.6007899122956024,2.661575794006528,2.8663350581196028,2.616191302937079,2.4831377232986007,2.711516400908562,2.5579197755753538,2.9802322387695312e-08,2.694184023108016,2.566504708425605,2.775224039739184,2.768775466220229,2.2793644778761246,2.536436549877077,2.6979558731373237,2.813866328619789,0.0
2.8517089384020173,3.080571868567581,2.9652860573913102,2.81041956337407,3.1453329214552057,3.066563971415122,2.9049043099068768,3.06854004585119,3.008317220943526,2.946113421808913,2.7873081105149073,2.619455389995767,2.7972737539830326,2.580963116943532,2.7305576051761546,2.6691650376410134,2.967250249708804,2.7828743243438026,2.976602789545171,2.9879102988601693,2.9698705654944635,2.9209135851241643,2.883776758767586,2.9241894646943964,2.982134760856326,2.9637298217014214,2.746053047439513,2.8054142034396246,2.867602032907111,2.947877640644963,2.828216706731202,2.807244607883781,2.832341536529192,2.8733832879710257,2.9133548068878525,2.5027460477626344,2.9631852596141846,2.8076795986294756,2.9071439841954487,2.8440227735378514,2.7870162897327964,2.946620846591826,2.619177096347061,2.632721252356661,2.892604933666147,2.9141727434860947,2.723408328891725,2.9078724800556612,2.783233446408479,2.8470843351970045,2.752325464612929,2.64096399750013,2.8528262554384956,2.7388818401092285,2.7839350089839376,2.7876509233537012,2.654776123540669,2.630080975773192,2.93885842241511,2.8097428157392192,2.7444723158837654,2.7860508792168637,2.8493626801384355,2.5871131642272904,2.8394708153714263,2.8266920835974068,2.657421237592609,2.7649008413210114,2.7684985298486606,2.6470405846569185,2.8293349836819917,2.676383873949822,2.6725774476199184,2.8073724961380617,3.026987716406558,2.8789745683057406,2.7054373674321615,2.8739857333610717,2.6209939847243287,2.621166758596721,2.622407960602283,2.7912845656241823,2.621948248619824,2.875188491995336,2.5755266328826902,2.640686187072065,2.6701019189524717,2.7938650421992532,2.6421783814902735,2.5649652236705776,2.762381109251296,2.9803271946711813,2.6470909285337885,2.780356331907976,2.5307200500022735,2.532330291210297,2.4218410252263443,2.724103166456947,2.833800282637113,2.6707941643225563,2.8125588018946943,2.7341556521881287,2.970267119205371,2.750180286087809,2.8928282184669425,2.7490150081090214,2.861326513942337,2.7185827623493064,2.6397315882470656,3.012933669507715,2.7937738872474127,2.715959077883321,2.6745931154474984,2.759184672659255,2.5378430317900187,2.820006019301346,2.5515468361407763,2.6762657059286736,2.6397837032180567,2.652268909446973,2.7453523082356277,2.5185141576280183,2.734995800467118,2.7842054351681007,2.8788665899487493,2.8495840726118193,5.960464477539063e-08,2.4427355029663773,2.7346538732886825,2.843396703900491,2.80734434244835,2.823509975062245,2.73665518003924,2.532374627935913,2.5101863131627784,2.8741289910827517,2.787200760465471,2.7119810389928847,2.609678639200988,2.724741300268305,2.711674287926332,2.7720274665993996,2.672032627199894,2.9043633046712034,2.8106679324011594,2.787276123713489,0.0,2.9961707592989235,2.7582746176337416,2.6757815498824806,2.6421303147578405,2.6927419486073214,2.744947606920065,2.79923555876771,2.839154792124082,7.300048299977713e-08,2.721067205030287,2.9802322387695312e-08,2.9087045164815204,0.0,2.646247069040571,2.6422003334617106,2.881177271979101,2.8682593805914784,2.671469822871361,0.0,2.8317036389715966,2.844976343347288,2.615789113560572,2.6305395499550386,2.5160087885752684,2.4987921241627276,2.444657045610804,2.7401429523345384,2.8095850709023784,2.725360031435609,2.9213367948031483,2.564377848677555,2.6083980622757843,2.821981573067876,2.7995123012823355,2.809321251542862,2.7791660874787487,2.7484877717167504,2.7709008719780366,2.779490482989818,2.729974357776502,2.565884846831619,2.7131173798995842,2.5399745369468247,2.374098456692011,2.6786314228855366,2.7657013671804402,2.6635825630622585,2.7118084664915303,2.6953993176648643,2.844250583415842,2.639106686064586,2.685455724663633,2.46331959708993,2.6375929499076642
3.013729908408502,2.8860871540496333,2.8962481833378884,2.9883445117689797,2.664957550068687,2.9162200627214774,3.0605006262503256,2.9254451143700524,2.8687196324725948,2.8800662376913415,2.8573503589690454,2.9484171312057734,2.6789974276530857,2.9402570303588664,3.000286434639486,2.857455645160921,2.7153741923003882,2.986579559729477,2.6251761355487564,2.908441608526563,2.8616129555640075,2.907350389621113,2.7937450154787675,2.9365412231213743,2.7108649264216886,2.7090018725357856,2.846010962136564,2.93551896040322,2.9288517901196887,2.8341559346100835,2.8090708656978944,2.8934467122462317,2.815681665432362,2.968601959306678,2.9258941179938005,2.980227673641757,2.8511617565955367,2.7633340775732216,2.9547364571496755,2.7754488267039803,2.749807986759789,2.9305623192687857,2.742573478057494,2.8422095639460836,2.800777490693604,2.5718143982369854,2.788060232092493,2.6031211332994113,2.8838308763004945,2.8701968355207863,2.5847888189545625,2.796910446868014,2.60526891650574,2.659870215212101,2.809811126875169,2.8023691577818033,2.793547367675122,2.7764990859216696,2.626409725488202,2.6456371337546205,2.7308891352119593,2.7863031926449904,2.673106084406501,2.7821214140514217,2.648372176719702,2.8787918239933803,2.651228962744334,2.6393234961204546,2.8574368682265856,2.718899231881927,2.6512306098139646,2.5672686263196587,2.6979514028424636,2.668777095588708,2.6636684905236834,2.756440686725077,2.8608550827306343,2.795393986170754,2.7322918827147378,2.5529774825203067,2.7701277940251936,2.792600388835184,2.7292144147699964,2.7647158048283713,2.679498467580047,2.4287128351940956,2.7180282291151734,2.7720041208587802,2.809040564591042,2.869431396505857,2.757087862099407,2.634324948529151,2.817443774808005,2.715068045750898,2.896624459397837,2.7063450953103048,2.8502176742308034,2.931701146233948,2.760922174240345,2.8951350981951225,2.5234789720207584,2.6743387996881665,2.765996556314822,2.5888989060788172,2.830297889637952,2.6296302494613104,2.784428214341992,2.645743464944953,2.7409535352085803,2.8560478125673434,0.0,2.7183969819540796,2.7922495641377325,2.7819095045982323,2.936731865992282,2.7053338238341613,2.706432898629709,2.6458148730434408,2.7244561276801567,2.7488008327042524,2.6475043751659415,2.874114825884065,2.7109484764072205,2.6933340481097834,2.823135510864419,2.800712148589716,2.809943832417213,2.658458477850214,2.6546529046791933,2.6880189291118586,2.696437820384651,2.651344918911629,2.7997262782197896,2.930305571574797,2.851389286227876,2.776683882255961,2.840621412481683,2.746301893802155,2.5678578740890567,2.760459754159693,2.892574292493831,2.9802322387695312e-08,2.870601518920455,2.621787534534302,2.804688179909258,2.553338311987572,0.0,4.712160915387242e-08,2.8174431753782283,2.806127193978957,2.8973464102004893,2.8237026043335858,2.83891763322479,2.729083151215414,2.622438250124806,2.713125550461608,2.845126096937893,2.83185460483859,2.6648071007680474,2.702170052871916,2.4747937322293025,2.673086247182125,2.733663227283074,2.741558816607271,2.7251499996810935,2.810915346198587,2.6367299404210196,2.6829758716113066,2.723784505678406,2.863662113507691,2.5993939254147884,2.703856883116103,4.712160915387242e-08,2.724700374403557,2.681851940578081,2.960501304551081,2.6138214288487527,2.684444404955022,2.5888281684826695,2.724707456283596,2.645495405021635,2.835343861319654,2.6734027593033,2.6601701176480526,2.7464490778045376,2.7981330509125337,2.6750861774512624,2.6368964636792933,2.6281466779980525,0.0,2.643117901357802,2.768316318769284,2.5314373353293225,2.625203909152076,2.635037957535551,2.5881783721807414,2.9066207023838353,2.7857221168754416,2.6124955415831317,4.2146848510894035e-08,2.477940483063083
