0.8671443541306749,0.8671541777357358,0.8671738256136038,0.867203299099885,0.8672082115423833,0.8672131240405367,0.8672180365943466,0.8672229492038135,0.8672327745897228,0.8672475130860393,0.8672475130860393,0.8672573390285631,0.8672671651937458,0.8672671651937458,0.8672720783598367,0.8672819048590221,0.8672966450253238,0.8673015585254343,0.8673064720812182,0.8673261268611054,0.8673457825318407,0.8673605248695475,0.8673605248695475,0.867370353373107,0.867375267708416,0.867375267708416,0.8673900110484716,0.867399840220292,0.86740475488974,0.8674145843957165,0.8674342440760173,0.8674588199296241,0.8674686506609851,0.8674883127921802,0.8675128917096391,0.8675276397286745,0.867557137271125,0.8676063042997773,0.8677440016324403,0.8679014235420175,0.8681918199759544,0.8686450295052202,0.8691332512021619,0.8699728932608214,0.8707250069673926,0.8719450029332528,0.8732530945182819,0.87448518533328,0.8760414759201611,0.877532888137342,0.8789991042925059,0.8805208698803081,0.8816923147806855,0.8829992790194665,0.8844838344387697,0.8855480228603161,0.8869794955879882,0.888534200063844,0.890151294902955,0.8914159941305942,0.8929446349828516,0.8939718652005583,0.8948392866536904,0.8960596553661735,0.8971781873589826,0.8982626196245944,0.899196485210159,0.9004287756074321,0.9014998498383554,0.9025362276119843,0.9037083387445248,0.9048032766538414,0.9058901499461519,0.9067003073861516,0.9077379187666765,0.9087725130299541,0.909771621115687,0.9105724907063197,0.9113747715461046,0.9123633004559135,0.9130543693489515,0.9139919759277834,0.9146472612560941,0.9154403190795964,0.9162621722398119,0.9169811320754717,0.9176077105660648,0.9182131161306575,0.9188193210736064,0.9194097616345063,0.920039664653385,0.920698116384806,0.9212355351759247,0.921695886716116,0.9222955876328409,0.9227625614813386,0.9232522796352584,0.9237536656891495,0.924210958440994,0.9247524872090706,0.9252163612628729,0.925742274898712,0.9262575781410715,0.9269025144856899,0.9274752970114079,0.927868792843246,0.9282344809187151,0.9286736872755508,0.9290907546093438,0.929525127962258,0.9298751784250008,0.9301576692894249,0.9305138522507628,0.9308589878451426,0.9311760591222895,0.9314933464760966,0.9317824927874959,0.9320604691657179,0.9323953955782934,0.932696466975758,0.9329977328685307,0.9334073116601225,0.9336634810663121,0.9340223545490043,0.9342560553633218,0.9345298049629155,0.9348836357196509,0.9351577532757094,0.935414884516681,0.9356778759763834,0.9359982391567517,0.9363302752293577,0.9365880517573644,0.9367829103970726,0.9370868223887175,0.9373450157050752,0.9376090937486603,0.9378963039203073,0.938195189214034,0.9384022214185449,0.9386899177749572,0.9389835498472748,0.9392427895676502,0.9396001988571849,0.9397270869012762,0.9399059418706025,0.9401483701392812,0.9404140303458444,0.9406104844061048,0.9408070205626774,0.941038344746192,0.9412234860129112,0.9414202784473853,0.9416692808768984,0.9419126197463868,0.9420517270025291,0.942237267271888,0.9423648686081513,0.942649195832615,0.9428407782177852,0.9429801597812094,0.9430614847258413,0.9431776875542932,0.9433229813664596,0.9434683199497113,0.9436078871294818,0.9437707677037932,0.9439337045189693,0.9440501224077009,0.9442073321162481,0.9443587687372772,0.9445160812670051,0.9447667242656135,0.9449358376900334,0.9450875081026021,0.945204210786281,0.9453851569157805,0.9455194520446418,0.9456596267767022,0.9458056863253883,0.9459108771409506,0.9460277832707139,0.9461271762037489,0.9462207415740059,0.946378675106946,0.9465425137260721,0.9466361612663864,0.9467239726662751,0.9468235119489387,0.9469875046393665,0.9471222554241913,0.9472336002177976,0.9473625584791703,0.9475091445865904,0.9476264461377522,0.9477672463427167,0.9478787428486515,0.9480431013128561,0.9481781526970029,0.9483249913276178,0.9484072408281604
0.8671443541306749,0.8671492659053833,0.8671541777357358,0.8671738256136038,0.8671787377221901,0.8671934743818506,0.867203299099885,0.8672131240405367,0.8672131240405367,0.8672180365943466,0.8672278618689386,0.8672327745897228,0.8672426001982722,0.8672524260294693,0.8672524260294693,0.8672622520833215,0.8672671651937458,0.8672720783598367,0.8672868181921186,0.8672966450253238,0.8673015585254343,0.8673113856926764,0.8673261268611054,0.8673359545851133,0.8673506965887265,0.8673506965887265,0.8673605248695475,0.867375267708416,0.8673850965460974,0.8673949256065362,0.8674293290723962,0.867444074250357,0.8674588199296241,0.8674784816151679,0.8674981441920294,0.8675276397286745,0.8676308899039933,0.8677882707721609,0.8679998412437419,0.8686154579394709,0.8691529888666208,0.8704230156925177,0.871483383238646,0.8726507857790242,0.8736816874400767,0.8747700078854439,0.8760414759201611,0.877527858027239,0.8787518727075476,0.8801108402704318,0.881555231804859,0.8828210599158065,0.8840547907234593,0.8851384167071394,0.8865685644295419,0.8877561671479768,0.8891741350169309,0.8903324861730649,0.8915094339622641,0.8927467605929486,0.8939092252086022,0.8949543724679789,0.8958761257702639,0.8968733339972934,0.8978727647020873,0.8991489536652552,0.9002487459791947,0.9015582488251298,0.9025096240574908,0.9033084135310396,0.9042207600439441,0.9049316380273448,0.9057079300470928,0.9067003073861516,0.9075979985297257,0.9085513860616383,0.9093285022719848,0.9101015385347062,0.9109409307556365,0.9117492912785573,0.9125699672740929,0.913321282193546,0.9141065830721004,0.9150190068615965,0.915631952917534,0.9164431780087161,0.9170690212898511,0.9177562361743071,0.9183122585598772,0.9188744703071918,0.9194594594594595,0.9200175481823809,0.9206316751659771,0.921191188239754,0.9217569316916037,0.9221900281313439,0.922718067409229,0.9234193478339546,0.9239153394448903,0.9244676868078117,0.9248977471136592,0.9252946509519492,0.9257198834157727,0.9262015391316974,0.9266444322040567,0.9270035423415787,0.9274696780603652,0.9278350515463918,0.9282963951126337,0.928645520554676,0.9289610854566527,0.9293389182298306,0.9298130534601509,0.9301407149974482,0.9304968849718888,0.9308306884097625,0.9311307500015206,0.9314990142867574,0.9317995069843878,0.9321910050783676,0.9324635456638527,0.9327532947047104,0.9330432238718642,0.9333219530930883,0.9336350108555119,0.9339083965740221,0.9341762419375508,0.934415723136082,0.9346610335059099,0.9349464401314262,0.9352320211128217,0.9355292104619898,0.9358666348781338,0.9360898117914664,0.9363531829524882,0.9366224326854248,0.9369205064964473,0.9371671339544793,0.9374368520639041,0.9376205787781351,0.9377756542193473,0.9379939954659641,0.9382584393616239,0.9385460475495666,0.9387244531925462,0.939041146306156,0.9392831286122735,0.939484875821566,0.9396348012889366,0.9399059418706025,0.9401368231002591,0.9403100584737851,0.940500691138074,0.9406336020448289,0.9408706233751867,0.941090408365248,0.9413276599931133,0.9414839642077427,0.941733000332181,0.9418952342279154,0.9420981052191091,0.942266264541146,0.9424925045096072,0.9426666091957562,0.9427943268526102,0.9429453105270614,0.9431776875542932,0.943386924826069,0.9435846230654019,0.9438173153394204,0.9439744475138122,0.9441025198268312,0.9442364507712899,0.9443820709905864,0.9445160812670051,0.9446676169495918,0.9447958774338877,0.9449183403903366,0.9450700051855693,0.9452275547817067,0.9453384545084043,0.9454844148545243,0.9455486516867813,0.9456654682925021,0.9458349036495178,0.9459985540292531,0.9460804004573123,0.946179804447521,0.9463143254520167,0.9464254803531245,0.9465425137260721,0.9466829919857525,0.9467591017878898,0.9468410798775396,0.9469055011937603,0.9470109368040778,0.9471398344407737,0.9471984358758601,0.947333246700206,0.9474446411110149,0.9475384672517733
0.8671443541306749,0.8671541777357358,0.8671541777357358,0.8671640015633763,0.8671885621063126,0.867203299099885,0.8672229492038135,0.867237687366167,0.8672524260294693,0.8672720783598367,0.8672720783598367,0.8672819048590221,0.8672917315808855,0.8672966450253238,0.8673064720812182,0.8673162993598097,0.867321213082619,0.8673310406952699,0.8673359545851133,0.8673556107012952,0.8673850965460974,0.8673900110484716,0.8673900110484716,0.867399840220292,0.86740475488974,0.8674145843957165,0.8674293290723962,0.8674293290723962,0.8674342440760173,0.8674539046474995,0.8674784816151679,0.8674932284642497,0.8675128917096391,0.8675276397286745,0.8675522208747493,0.8676112213091527,0.8677341646592036,0.8679309465090569,0.86816227925915,0.86856124863126,0.8693059861674219,0.8700322234156821,0.871051987732784,0.8718307934121506,0.8728149693839155,0.8737614720789005,0.8749499914271018,0.8761718347584218,0.8780915890423531,0.8795950495845926,0.8808451141836259,0.8822004010787635,0.8838812484844286,0.885046307537549,0.8864864238851604,0.8880239451489031,0.8891586418390698,0.8905966398287336,0.8916496304450385,0.8928352725045928,0.8941076153041975,0.8954883391730084,0.8965424348192743,0.8976516461930869,0.8986106138069886,0.8995769185568222,0.9006671608598962,0.9016272755649526,0.9026373354244913,0.9034363510826011,0.9042154193270213,0.9052098793171752,0.9060885314014808,0.9069259068370448,0.9079963464253094,0.9087509349289454,0.9096148590034581,0.9103125947684825,0.9111740688275977,0.9118796311739058,0.9127549590694181,0.9136701381635881,0.9143577277532566,0.9150901102842285,0.9157962743620114,0.9163828348068647,0.9169317017950515,0.9176902188573381,0.9183618378034661,0.9190565097584843,0.9195699183085055,0.9201945097284918,0.9206870421823693,0.9211523881728583,0.9217236334298667,0.9222733625716902,0.9227903724555302,0.9233803598463144,0.9238205583113074,0.924222117578875,0.9247413152601345,0.9252946509519492,0.9258318516637033,0.9262743911662381,0.9267341836518497,0.9272505920618288,0.9275820700185408,0.9279925319302414,0.9283808368708308,0.9286905881282417,0.9291527830884361,0.9295985038012193,0.9298695303578804,0.930219840314995,0.9305081964223847,0.9308703081011073,0.9312100438567145,0.9316010466743747,0.9318675699859389,0.9322534482233658,0.9326851022608886,0.9331569707904618,0.9334756097560976,0.9337716837045893,0.9340736447115531,0.9343130733035099,0.9345526246711149,0.9347980069366421,0.9351577532757094,0.9355063430373249,0.9357865460435832,0.9360840879768624,0.9363360020550584,0.9365880517573644,0.9368631698764435,0.9371155035105868,0.9373794522309373,0.9376550355548205,0.9378963039203073,0.9380802107907718,0.9383044448258109,0.9385748180664464,0.9387935316518572,0.939144837740016,0.9393868734966374,0.9396117327179323,0.9398366996132359,0.9401252763448784,0.9403562653562654,0.9406567208199179,0.940893753802848,0.9410267758353618,0.9411540495014201,0.9413623897777723,0.9415534494104912,0.9417793471707864,0.942057524029882,0.9422488659654219,0.9424925045096072,0.9427420745375275,0.942922079121935,0.9431137724550899,0.9432532347504621,0.9433636716559548,0.9436137033247451,0.9437940409476779,0.9439744475138122,0.9441083421213299,0.9442713955281419,0.9443820709905864,0.9446034997655305,0.9448250324014071,0.9449883334773644,0.9451225158816884,0.9452742462319315,0.9454260253077004,0.9455252918287937,0.9456537853330698,0.9458173730384283,0.9459459459459459,0.9460745538142087,0.9461622610490664,0.9463552742198704,0.9464430335140616,0.9464839934217848,0.9465834822449901,0.9466654299230127,0.9468118003587112,0.9468937875751503,0.947051945882746,0.9471749944316579,0.9472629058305954,0.9473742836986522,0.9474739597838802,0.9475853872912514,0.9477085745061503,0.9478141890427751,0.9479022191400832,0.9479785251190469,0.9480607145290041,0.9481311739386244
0.8671443541306749,0.867159089621733,0.8671689135606662,0.8671934743818506,0.8671983867130412,0.8671983867130412,0.8672131240405367,0.8672327745897228,0.8672327745897228,0.8672426001982722,0.8672573390285631,0.8672769915815951,0.8672769915815951,0.8672868181921186,0.867321213082619,0.8673261268611054,0.8673408685306365,0.8673605248695475,0.8673801820994125,0.8673850965460974,0.8673900110484716,0.8673949256065362,0.867399840220292,0.86740475488974,0.8674145843957165,0.8674293290723962,0.8674293290723962,0.867444074250357,0.8674539046474995,0.8674735661102234,0.8674735661102234,0.8675030599755202,0.8675276397286745,0.8675325558464521,0.8675522208747493,0.8675817200888607,0.8676653120908643,0.8677685950413223,0.8679899984691535,0.8684183656104285,0.8689408559427858,0.8697010668878461,0.870591312853292,0.8715677288228227,0.8725861243473702,0.874250471132431,0.8754953934839672,0.876738845332249,0.8780815160657544,0.879392943717473,0.8810732414793329,0.8823987134927634,0.8837740946641035,0.8850360743686986,0.8865120911702029,0.8878591395729183,0.8891689705643194,0.8905551935964259,0.8916444371964075,0.8927415545564283,0.8942172897196262,0.8952945717393592,0.8963324668025012,0.8977727214083813,0.8991067076214696,0.9002169835174851,0.9012185789132866,0.901977882128359,0.9029354692209239,0.9040979395142001,0.9049637340616078,0.905713288409544,0.9065177614476808,0.907420469565939,0.9083465351821856,0.909274492917174,0.9103071818473724,0.9112554241394294,0.9121078156837978,0.9129400258812445,0.9137192174089503,0.9144560393283595,0.9150463530241538,0.9158620194551133,0.9167010975982179,0.9174427384847722,0.9179763625134167,0.918841379972631,0.9195202085423061,0.9203936728571342,0.9210637145779436,0.9218068835954624,0.9224234025246287,0.9229572735110237,0.9235641891891891,0.9240882257071457,0.9245290995066038,0.9250989515666073,0.9255575775530069,0.92608387928062,0.9265154449501307,0.9269867028362438,0.927525870634709,0.9279644065125414,0.9283752069423472,0.9287469287469288,0.9291640618835768,0.9296267283624506,0.9300559528076645,0.930519508147896,0.9309212526603831,0.9312836859586583,0.9316123849861253,0.9318505533033855,0.9321853288436128,0.9324692252873423,0.9327930782354374,0.9331171562143811,0.9335040702460441,0.9338457315399397,0.9343472874083749,0.9346724464253007,0.9348950540760056,0.9352263077834727,0.9354720439963337,0.9357064709154141,0.9359410153575272,0.936250107024475,0.9365651325408818,0.9368058402736558,0.9370696145582753,0.9373048429559787,0.9376205787781351,0.9378043775230791,0.9380054899269644,0.9382756908820122,0.9385633096480311,0.9388395896064711,0.9390296264491198,0.9392082160013252,0.9393926377732915,0.9397097819681791,0.9399174832387829,0.9402407566638005,0.9404429155020426,0.940627822528617,0.9408532763007486,0.9410556986457994,0.9412350597609562,0.9414492254521527,0.9416866580549917,0.941808316261558,0.9420401331618556,0.9422198697669838,0.9424808998171553,0.9426840232022562,0.9429046563192904,0.9430731037201767,0.9433287940500471,0.9434799489711021,0.9436137033247451,0.9438056780000617,0.9439162443120861,0.9440384793266118,0.944178215257091,0.9443762453194495,0.9445452189686447,0.9446676169495918,0.9448775158775714,0.9449766672427842,0.9451458558419509,0.9453092678468882,0.9454318639378482,0.9455661723377577,0.9457881567973311,0.9459225664537018,0.9460219372779237,0.9462148931962026,0.9463845255095418,0.9464956969037491,0.94663030775224,0.9468176561176085,0.9469523585664271,0.9470695222894473,0.9471515541476935,0.9471808546839328,0.9472863516264565,0.9473566959782669,0.9474915518585911,0.9475853872912514,0.9477085745061503,0.9478376621366437,0.9480254887511379,0.9480959429247358,0.9481957709316585,0.9483367403828284,0.948448370928871,0.9485130111524164,0.9485894155043467,0.9486540749553837,0.9487246225923998
0.8671443541306749,0.8671640015633763,0.8671738256136038,0.867183649886426,0.8671885621063126,0.8671885621063126,0.8671983867130412,0.8672082115423833,0.8672180365943466,0.8672426001982722,0.8672475130860393,0.8672524260294693,0.8672573390285631,0.8672622520833215,0.8672720783598367,0.8672769915815951,0.8672819048590221,0.8672917315808855,0.8673064720812182,0.8673261268611054,0.8673408685306365,0.8673556107012952,0.867370353373107,0.867375267708416,0.8673850965460974,0.8673949256065362,0.8673949256065362,0.867399840220292,0.8674145843957165,0.8674489894210774,0.8674686506609851,0.8674932284642497,0.867517807660269,0.8675276397286745,0.8675669702310451,0.8676407245358301,0.8677784327952113,0.8680982812686063,0.8684676303070186,0.8690493761282485,0.8697158894008169,0.8704428119811686,0.8712949050676138,0.8722977515925744,0.873407538838081,0.8746850413945596,0.8757758645347673,0.8769447563183099,0.8782376731778676,0.8796658085869266,0.8812101745842615,0.8827345223062153,0.8838557333133188,0.8852203076211402,0.8865120911702029,0.8878333942272562,0.8890605309158909,0.8903946258760578,0.8914523295153467,0.8926010145181039,0.8937526636269696,0.8949125196560412,0.8958656406355151,0.897099326106065,0.8979938995776631,0.8988849810053373,0.8998412978310704,0.9009215776279086,0.9018609829807539,0.9027544359332709,0.9036016573998654,0.9044023819651212,0.9053383560914742,0.9060938942683302,0.9070011316037373,0.9079101875244636,0.9087293578526231,0.9095986453165384,0.9105183334820234,0.9111903387278214,0.9117927337701013,0.912374175323166,0.913272245686878,0.9138773975178639,0.9146800501882058,0.9155881438243104,0.9162402370051171,0.9167559928379374,0.9172283634402804,0.9177837461931369,0.9182516689759416,0.9188358651485778,0.9194042399855864,0.9199677900100957,0.9205320313157673,0.921013843182789,0.9216625928646254,0.9220844927902858,0.9225123381279791,0.9229684023946897,0.9235307602282736,0.9239766787779293,0.9244174461224465,0.9247971777043477,0.9253170218681624,0.9257534710463935,0.9261903321435053,0.9266107798928669,0.9270091556459817,0.9274415843263645,0.927857545471626,0.9281106773043626,0.9284427705911249,0.9287356600763178,0.9289047188529613,0.9291245872985046,0.9294799793570323,0.9299203654321587,0.9302650608266592,0.930643955282403,0.9309778642666018,0.9313460076045628,0.9316123849861253,0.9318789147862504,0.9321796526779843,0.9325317057125105,0.9327873946661305,0.9331114686951434,0.9333902386976801,0.9337147318215641,0.9339710700188515,0.9342788617042701,0.9344556486070758,0.9347580522057701,0.9349749903809157,0.9352205945239288,0.9354834767305436,0.9356721571983009,0.9359295714373052,0.9360783642322555,0.9363703644804364,0.9365765920089075,0.9368631698764435,0.9371843453667257,0.9373794522309373,0.9375344479147529,0.9377584210816473,0.9379882483411045,0.938229688237349,0.9384252306372023,0.9387071851661086,0.938989309175218,0.9391909301726359,0.9393753451555501,0.9395194697597349,0.9397213185194279,0.9398944007858546,0.9400964106972889,0.9402811814781374,0.9404429155020426,0.9405526952803411,0.9407087422191361,0.940876405875484,0.9410441293082782,0.9412929327709392,0.941455015066724,0.9415766134240324,0.9417214143352772,0.9418199043968821,0.9419300059066745,0.9420285396065498,0.9422082717872969,0.9424228806412095,0.9425563354266716,0.9427711028863859,0.942922079121935,0.9430498660178027,0.9431893094121778,0.9433694848410156,0.9434508769551231,0.9435962549540499,0.9437358599900134,0.9438638675668177,0.9440093728803108,0.9440734094314839,0.9442306268966028,0.9443645941927962,0.9444461581171535,0.9445743584680977,0.944702593627932,0.9448308636108351,0.9449416702672675,0.9450408350978129,0.9451341857177253,0.945233390960731,0.9453734808813359,0.9454668972332015,0.9456128972482164,0.9456771515406093,0.945758942361154,0.9459108771409506
0.8671443541306749,0.867159089621733,0.8671738256136038,0.8671738256136038,0.8671934743818506,0.8672082115423833,0.8672180365943466,0.8672229492038135,0.8672278618689386,0.8672426001982722,0.8672524260294693,0.8672573390285631,0.8672769915815951,0.8673015585254343,0.8673113856926764,0.867321213082619,0.8673408685306365,0.8673506965887265,0.8673605248695475,0.867370353373107,0.867375267708416,0.8673801820994125,0.8673850965460974,0.8673900110484716,0.8674096696148812,0.8674293290723962,0.8674293290723962,0.8674637352674524,0.8674735661102234,0.8674883127921802,0.8674932284642497,0.8675030599755202,0.8675227236666138,0.8675423882491613,0.867557137271125,0.867591553606039,0.8676653120908643,0.8678227054481965,0.8681228947637032,0.86850704608891,0.8690148440382596,0.8698097770505215,0.8707943460083616,0.8717563250593642,0.8727353574971211,0.8740308528494924,0.8751400544211465,0.8763423625581023,0.877432296890672,0.8790495768113279,0.8802778432646584,0.8814993954050786,0.8828465153830628,0.8841109513331832,0.885322692574601,0.8866455850158113,0.887956985505229,0.8894376016732513,0.8906536346976176,0.8916859848793728,0.8928977620689051,0.8939196645976515,0.8948549784308911,0.8960753899733677,0.897183445268821,0.8982784316946945,0.899365526965104,0.9003811136989202,0.9015476302647696,0.9026320133959105,0.9036549949236181,0.9044985642879932,0.9055686348740639,0.9064157824933687,0.9073021555019528,0.9081687132941805,0.9092204899777283,0.9099662975445354,0.9108054402018063,0.9115484235910566,0.9123143667612215,0.9130489237724326,0.9139701492537313,0.9148221627306626,0.9155279131656849,0.9163170149217997,0.9170031027997076,0.9177012210839293,0.9183342931183415,0.9190454750112562,0.9198074947277348,0.9203936728571342,0.9209972205845195,0.9215682733462157,0.9221122629064998,0.922812622441906,0.9234360579794069,0.9240212943178937,0.9245514334200975,0.9249592169657422,0.9254512700849947,0.9258878459454228,0.9264033113063684,0.9267790658958138,0.9270989777627053,0.927525870634709,0.9279419074058359,0.9284258787570046,0.9288370879570923,0.9292317404051011,0.9296944743026836,0.930214188060155,0.930643955282403,0.9310911081376961,0.9314820110616912,0.9318392091936112,0.9321626245958436,0.9325601086738019,0.9328214971209213,0.9331228438029525,0.9333105731303611,0.933652092773634,0.9338286425355927,0.9341135409547984,0.934398613264322,0.9347009799432182,0.9350663628978567,0.9353748770369104,0.9356435643564357,0.9359066844364019,0.9362787369502596,0.936484924115909,0.9366396240960317,0.9369721154552354,0.9371958199927762,0.9374770361298224,0.9376894948641149,0.9379480204389222,0.9382124384085505,0.93847125245974,0.9387129411043321,0.9389605132419867,0.9392197402406179,0.9394445194467286,0.9395944320329953,0.9398886303497646,0.9401021836849991,0.940252306256065,0.940489135442968,0.9406682806336254,0.9408301478631743,0.9410441293082782,0.9412755701206953,0.9415071248024305,0.9416866580549917,0.9418488759828229,0.9419995569666987,0.9422140707414497,0.94235326705857,0.9424576912895462,0.942649195832615,0.942846584960276,0.9430498660178027,0.9432416113171742,0.9433636716559548,0.9435090227788187,0.943683503260883,0.9438347718865598,0.9439686268706413,0.9441083421213299,0.9442713955281419,0.9443704197201865,0.944568530424374,0.9448250324014071,0.9449125081011017,0.94501750032408,0.9451050116679631,0.945233390960731,0.9453968332386434,0.9455019331249923,0.9456070563818748,0.9456829932729194,0.9458056863253883,0.9459459459459459,0.9460745538142087,0.9461739565757514,0.946320175059033,0.9464664387415069,0.94663030775224,0.9467883780474229,0.9469465011412348,0.947098817750447,0.9472101570330772,0.9473566959782669,0.9474446411110149,0.9475443320025996,0.9476909743716726,0.9478317937541791,0.9479667849380469,0.9480841998352666,0.9482192629296996
0.8671443541306749,0.8671640015633763,0.8671689135606662,0.8671934743818506,0.8672131240405367,0.8672180365943466,0.8672278618689386,0.8672278618689386,0.8672475130860393,0.8672622520833215,0.8672671651937458,0.8672868181921186,0.8672868181921186,0.8672917315808855,0.8673162993598097,0.867321213082619,0.8673359545851133,0.8673506965887265,0.8673556107012952,0.8673605248695475,0.8673801820994125,0.8673850965460974,0.8673900110484716,0.867399840220292,0.8674096696148812,0.867424414124473,0.8674342440760173,0.8674391591353373,0.867444074250357,0.8674539046474995,0.8674883127921802,0.8674981441920294,0.867517807660269,0.867547304534095,0.8675768034138629,0.8676063042997773,0.8677095732018364,0.8679850771655686,0.868310002949384,0.8688274319960501,0.8693750993798696,0.870259730662316,0.8711412069308903,0.8721784806809247,0.8733925902260358,0.8747750064283878,0.8759963607441019,0.8770452358036573,0.878333409831551,0.8797770243089478,0.8811594536569642,0.8824902723735408,0.8837332809947411,0.8852459016393442,0.8866763969974979,0.8879157845895079,0.8890089022839324,0.8903117748660956,0.8916859848793728,0.8932103411457878,0.8944367192886106,0.8956979118519516,0.8966317010173422,0.897725340260715,0.8989060931141997,0.9000211645188599,0.9009215776279086,0.9019406836579589,0.9030419933108,0.9038950917238895,0.9047765392844056,0.9057293638773192,0.9066788275776294,0.9076141409709912,0.9084381675765488,0.9093555093555094,0.9103125947684825,0.9110330873601523,0.9119611125341784,0.9128420399864049,0.9136810442069077,0.9144505770195684,0.915204993005488,0.9159716155898859,0.9166956084358271,0.9174152489048427,0.9183122585598772,0.9190675447706984,0.9197356563532593,0.9203494069340323,0.9208476441963561,0.9213131525892938,0.9220345107959165,0.9226624558527501,0.923113102308838,0.9237090759892358,0.9242388567909732,0.9247469012008602,0.9251324941533366,0.925596749619096,0.9260334627808224,0.9265827381672921,0.9269642511141252,0.9273236092265943,0.9277956898014593,0.9282063408334394,0.9285948247625286,0.9289554484884526,0.9292317404051011,0.929666245627672,0.9300898558296932,0.9305534449746223,0.9308420079774297,0.9311817230724313,0.9315613647565673,0.9318221935468163,0.9321228948233661,0.9324124321657622,0.9327305627821679,0.9331114686951434,0.9333959296157645,0.9337090370153514,0.9340109575000305,0.9342902652922975,0.9346724464253007,0.9349692801915255,0.9351520408537256,0.9354491793662238,0.9357293481250573,0.935958181762602,0.9362157534246576,0.9364104571645279,0.9367141275017897,0.9370065245865518,0.9371786081590675,0.9374712953380567,0.9377871433296987,0.9379480204389222,0.9381204500330906,0.9383159468967969,0.93850577178904,0.9387935316518572,0.9390469063406675,0.9392600773053562,0.9395137039264542,0.9397328553539421,0.9399232540291634,0.9400906377804797,0.9402118839244588,0.9403562653562654,0.9405526952803411,0.9407838943991741,0.9409515848479074,0.9410788381742738,0.9412639953763765,0.941443435908789,0.9416229448705569,0.9417793471707864,0.941935801436069,0.9421097004867782,0.9422952635952359,0.942451889336239,0.9426375872812581,0.9428175519630485,0.942951118557209,0.9430905327485092,0.9432590465745322,0.9434508769551231,0.9435264679235514,0.9436660523087734,0.9437940409476779,0.9439395247314745,0.9440908754532672,0.9442539228264087,0.9443820709905864,0.9445335636722606,0.9446676169495918,0.9449125081011017,0.9450116668107014,0.9451341857177253,0.9452917567150355,0.9454493802609882,0.9455194520446418,0.9456829932729194,0.9458349036495178,0.9460102455090931,0.9461505658115116,0.9463552742198704,0.9464781417893376,0.9466654299230127,0.9468176561176085,0.9469289293004268,0.9470636634147247,0.9471925754060325,0.9472629058305954,0.9473684210526315,0.9474622320969928,0.9475677917319155,0.9476499099333321,0.9478141890427751,0.9479726549921977
0.8671443541306749,0.867159089621733,0.8671738256136038,0.8671787377221901,0.8671787377221901,0.8671885621063126,0.8671934743818506,0.8672082115423833,0.8672180365943466,0.8672278618689386,0.867237687366167,0.8672524260294693,0.8672671651937458,0.8672819048590221,0.8672868181921186,0.8672966450253238,0.8673015585254343,0.8673064720812182,0.8673113856926764,0.8673113856926764,0.8673162993598097,0.867321213082619,0.8673261268611054,0.8673408685306365,0.8673408685306365,0.8673457825318407,0.8673506965887265,0.8673556107012952,0.8673654390934844,0.8673801820994125,0.8673801820994125,0.8673949256065362,0.867399840220292,0.8674096696148812,0.8674194992322468,0.8674342440760173,0.8674489894210774,0.8674932284642497,0.8675817200888607,0.8676849831382663,0.8678768226036871,0.8682656805639842,0.8686992492722537,0.8694047226923208,0.8704180667610487,0.8711015516976494,0.8720940168505722,0.873736537813975,0.8750100024005761,0.8765229937706119,0.8775932539568799,0.8790748152444171,0.8804246558010604,0.8816618482129488,0.8832692906843909,0.8848007767798315,0.8862965321600186,0.8874473931341519,0.8887818075205954,0.8901047147815874,0.8912239848639208,0.8924188988312105,0.8936900543487779,0.8950642547270198,0.8958866111504498,0.8970152227157138,0.8981624894395945,0.8991912036792303,0.9002593339645165,0.9012716354645002,0.9021426551008863,0.9030260130950274,0.9038630714458621,0.9049155908639523,0.9057936714552813,0.9067432700565641,0.9074473634294385,0.9083627042614547,0.9089775561097256,0.9097229650229971,0.9103883824237775,0.9111035726401114,0.9118198874296435,0.9125645274740996,0.9134084712087492,0.9141065830721004,0.9147620328045173,0.9153801078676409,0.9159442140972484,0.9165145029484838,0.917090996225963,0.9175802110991903,0.9183618378034661,0.9189241102780963,0.9193711114847822,0.9199401489066359,0.92051542610442,0.9210027613839407,0.9216625928646254,0.9221067087494429,0.9225401340211156,0.923012920613292,0.9234193478339546,0.9239376437145805,0.9243839553658227,0.9249536284597398,0.9254177043789443,0.9258430499782283,0.9263024142312579,0.9267397936946099,0.9271158213474641,0.9275146315751208,0.9277788215045423,0.9280881711043213,0.9283414288053267,0.9286905881282417,0.9289779967717271,0.9292881467047875,0.929643663921883,0.9300842051543761,0.9303894399066511,0.9306552703088811,0.9309665413945343,0.9313120129455351,0.9316520712507835,0.9319469893893553,0.9322988666743806,0.932645327939761,0.9329579318792621,0.9333390235575282,0.9336179295624333,0.9339710700188515,0.934227549002856,0.9344955774900654,0.9347523446658851,0.9350320961112095,0.9352205945239288,0.9354891932024418,0.9357465067664209,0.9359524595576098,0.9360783642322555,0.9363188217881127,0.9365422144460827,0.9367026646679107,0.936886103682307,0.9371097671457604,0.9372646736501834,0.9374885179242857,0.9376492925828382,0.9379307809656846,0.9382584393616239,0.9385115252574792,0.9388165600642681,0.9390353863423072,0.9392312647627228,0.9394675798077985,0.9396174997544928,0.9397790055248619,0.9399809658305959,0.9401599174619552,0.9403273855225577,0.9404718024327313,0.9406451612903226,0.9408185840707964,0.9409920708095151,0.9412061259245141,0.9413681783243659,0.9415650312747939,0.9417156214437302,0.9418720545349395,0.9420169463366007,0.9421966740931303,0.9423242644343223,0.9424344839049255,0.942573745359168,0.9426666091957562,0.9428872341604922,0.9431370133070478,0.9432648584702215,0.9434566912149879,0.9435322831151542,0.9436718692210962,0.9438114966338684,0.943927884378237,0.9441141644876412,0.9442772199057512,0.9444228527011271,0.9445743584680977,0.9447142530962856,0.9448658523789832,0.9450641710239585,0.9451925392209524,0.9453092678468882,0.945455219179605,0.9455486516867813,0.9457355721116424,0.9458524349104749,0.94600439973305,0.946232438546502,0.9463669745187493,0.9464956969037491
0.8671443541306749,0.8671443541306749,0.8671443541306749,0.8671541777357358,0.8671640015633763,0.8671689135606662,0.8671787377221901,0.8671934743818506,0.867203299099885,0.8672082115423833,0.8672180365943466,0.8672327745897228,0.8672426001982722,0.8672573390285631,0.8672573390285631,0.8672720783598367,0.8672769915815951,0.8672769915815951,0.8672819048590221,0.8672868181921186,0.8672917315808855,0.8672966450253238,0.8673064720812182,0.8673162993598097,0.8673261268611054,0.8673506965887265,0.8673605248695475,0.867370353373107,0.8673801820994125,0.8673850965460974,0.8673949256065362,0.867424414124473,0.8674391591353373,0.8674588199296241,0.8674784816151679,0.8674981441920294,0.867547304534095,0.8676653120908643,0.867911264307865,0.8682361348207551,0.8687534758083737,0.8696121424189407,0.8704279646802632,0.8715677288228227,0.8729692587544977,0.8740458233181655,0.8754253037884203,0.8766836173721825,0.8779304491443777,0.8791404419534157,0.8806778958994892,0.8816821590241543,0.8829534443777972,0.8845502712759503,0.8859169926622069,0.8872982293447707,0.8887560086385063,0.8899287894201424,0.891353711790393,0.8924657214812051,0.8936535363205454,0.8946771705082052,0.8957922515637892,0.8970047109006961,0.8982626196245944,0.8996244953605491,0.9005611962775156,0.9015741771346796,0.9023340799245549,0.9033617164403689,0.9042634880506563,0.9052152317880795,0.9058794290989136,0.9069044163383786,0.9077755969711165,0.9085352102645666,0.9091826917366465,0.9099392541695891,0.9108867296970851,0.9115647068630837,0.9121839025669137,0.9129128054671007,0.9137792103142627,0.9143904959294721,0.9151612247581927,0.9158948955416757,0.9163992912556268,0.9170360608601893,0.9176517131416788,0.9182957333349329,0.9189682391994669,0.919509162657441,0.9200728413536953,0.920803334596438,0.9213630564048244,0.9219068036469186,0.9223900560941369,0.9228515625,0.9233970685807347,0.9237369440472096,0.924043603703659,0.9245626007814907,0.9251604481670836,0.9256359250010581,0.9260670731707317,0.9264761950871162,0.9267790658958138,0.9271607405657807,0.9274528216157272,0.9277563313960887,0.9281219308137209,0.9285385025959533,0.9289385379943083,0.9293107111421374,0.9296493092454835,0.9300616031396945,0.9304629522703928,0.9308250287291675,0.9312270371541886,0.931538690892717,0.9317257832850501,0.9321001936167362,0.9324237902366234,0.9326794200073109,0.9330489105591955,0.9333219530930883,0.9336122359369664,0.9339539764269504,0.9341990443819299,0.9344100197758735,0.9347123938381884,0.9350834972330471,0.9353177294305247,0.9355292104619898,0.9358094271689763,0.9360039619215319,0.9362043027849464,0.9364734668909619,0.9367198590239365,0.9369721154552354,0.9372072948998145,0.9373851918979157,0.9375976090005451,0.9378445931044622,0.9380859590426118,0.9382699403047278,0.9384022214185449,0.9386266094420601,0.9388453471685616,0.9390353863423072,0.9392255024663182,0.9394387545333489,0.9396751740139211,0.9398424694116853,0.9400155963133754,0.9401483701392812,0.9403100584737851,0.9404486927462159,0.940604705173971,0.9407376454828125,0.9409111023699479,0.941038344746192,0.9412061259245141,0.9414492254521527,0.9415824046055059,0.9416924505902109,0.9418546705139011,0.9420517270025291,0.9421850766844736,0.9423996749709136,0.9425795488129248,0.942695632897362,0.9428698126455046,0.943078913324709,0.9432067427360328,0.9433985518410106,0.9435090227788187,0.9436893203883495,0.9438405908791053,0.9439919098740234,0.9441723921007512,0.9443238175133855,0.9444752915047196,0.9445743584680977,0.9447667242656135,0.9448716840922837,0.944982500324068,0.9450700051855693,0.9451458558419509,0.9452158826398622,0.9453793188625066,0.9454727363681841,0.9455544918316297,0.9456946769540588,0.9458173730384283,0.9459108771409506,0.9460219372779237,0.9462090448906937,0.9462967770648667,0.9464313313344255,0.9464956969037491
0.8671443541306749,0.8671541777357358,0.8671541777357358,0.8671689135606662,0.867183649886426,0.8671983867130412,0.8672180365943466,0.8672229492038135,0.8672327745897228,0.8672475130860393,0.8672671651937458,0.8672769915815951,0.8672917315808855,0.8673113856926764,0.867321213082619,0.8673261268611054,0.8673310406952699,0.8673506965887265,0.8673605248695475,0.8673801820994125,0.8673900110484716,0.867399840220292,0.867399840220292,0.86740475488974,0.86740475488974,0.8674145843957165,0.8674145843957165,0.867424414124473,0.8674539046474995,0.8674686506609851,0.8674883127921802,0.8675128917096391,0.8675227236666138,0.8675374720199474,0.8675620537232234,0.8676063042997773,0.8676308899039933,0.8676603944683745,0.8678177860414493,0.8680736691691805,0.8686056011983114,0.8692023369500417,0.8700816713934152,0.870942966861044,0.8718903772553308,0.8730787875331489,0.874405268478801,0.8757107391687354,0.8769095939374152,0.8781923315206168,0.8795495676653932,0.8810681707001238,0.8825207962229563,0.8838557333133188,0.8850872425794665,0.8865582960290481,0.8882197312539163,0.8895099531683962,0.8906536346976176,0.8918314322664833,0.8930227674430814,0.8940762846980909,0.8955040537220539,0.8967472483701096,0.8980149698491283,0.8989694353915265,0.9000793720786665,0.9011549192969237,0.9022915340547422,0.9031698554007893,0.903980490224445,0.9050172325118085,0.9058204689746578,0.9067969791203909,0.9076518089004304,0.9084812951006457,0.9092204899777283,0.9098851722416376,0.9106970767748153,0.9114778694673669,0.9121730322349997,0.9129019177559393,0.9135229320571422,0.9142485174590472,0.9149151063486467,0.915681243158858,0.9163389538328934,0.9170250745767992,0.9176132106572362,0.9181360201511335,0.9186208386337997,0.9189847886377006,0.9195809656531193,0.9200286062849691,0.9207036535859269,0.9212687981802098,0.9217402822600067,0.9223567120745646,0.922718067409229,0.9232467117364324,0.9237202230106437,0.9241886409736308,0.924774831916783,0.9252163612628729,0.9255519818142246,0.9260222598596661,0.9264818020068023,0.9268969024726939,0.9272168957100547,0.9275820700185408,0.927868792843246,0.9282063408334394,0.9284878184872727,0.9288201817718509,0.9292543021032504,0.9296549546376477,0.9300672535403794,0.9303215926493109,0.9305930410679116,0.930943896476655,0.9313686720893588,0.9316634108045935,0.9319696831339603,0.9323840381991815,0.9327419286049388,0.9331228438029525,0.9335154549279543,0.9338571245569837,0.9343016691587074,0.9345298049629155,0.9347865909507236,0.9350834972330471,0.9353005865102639,0.9355577963149693,0.9358380301492792,0.9360783642322555,0.9363073686270672,0.9364734668909619,0.936765713726258,0.9369721154552354,0.9371671339544793,0.9373909316351835,0.9375746403483523,0.9377813987393336,0.9380514705882353,0.9382871922480525,0.9384942650637862,0.9386266094420601,0.9387589911514193,0.9389835498472748,0.9392255024663182,0.9394445194467286,0.9396578709926897,0.939830929885629,0.9400098243890458,0.940188787009685,0.940390923498409,0.9405642525374162,0.9407376454828125,0.9409747192565138,0.9411193350874173,0.9412466337936377,0.941402911098949,0.9416113615814692,0.941808316261558,0.941953188452167,0.9421212960398782,0.9422720642091722,0.942382271468144,0.9425099120841234,0.942695632897362,0.9428756197456348,0.9430498660178027,0.9431602553044678,0.9432764824764628,0.9433985518410106,0.9435613601484157,0.943683503260883,0.9438289529657647,0.9439802682287652,0.9441432773964366,0.9442422747178191,0.9443529433536281,0.9444927724000074,0.9446617877550013,0.9447783853170244,0.9448833477348475,0.9450466689713072,0.9451575262543758,0.9452217186747509,0.9453151050350117,0.9454143482637453,0.9454844148545243,0.9455836936380482,0.9457238874200005,0.9459050325929129,0.9459927083977013,0.9460804004573123,0.9461739565757514,0.9462499845474887,0.9463611243331458
