0.0,0.00017052479004135227,0.0005114871488853843,0.0010227127455575914,0.0011078915970683485,0.0011930631897396566,0.0012782275244993609,0.001363384602275148,0.0015336769905849273,0.001789061168853297,0.001789061168853297,0.001959281029048471,0.002129471890971039,0.002129471890971039,0.00221455644989566,0.0023847038283013244,0.002639870561185387,0.002724911653254992,0.0028099455040871933,0.003150008513536523,0.0034899557371467485,0.0037448402059662112,0.0037448402059662112,0.003914727032892217,0.003999659603438005,0.003999659603438005,0.0042544139544777706,0.004424214063895861,0.0045091032839884295,0.004678860059549128,0.005018286977970571,0.005442408265657553,0.005612006292249479,0.005951115834218916,0.006374840628984276,0.006628989079165427,0.007137091635158673,0.007983353857913288,0.010349069007931458,0.013045872336820703,0.01799898597262126,0.025673400673400674,0.03386562722662308,0.04777560447792251,0.0600471444522559,0.07958406681131534,0.10004050222762252,0.11885952600553394,0.14203105196451205,0.1636328048541789,0.1843164576559839,0.2052263075333818,0.2209496359223301,0.23812206572769953,0.25717045623421014,0.2705353192744433,0.28814363390869613,0.3068038260241834,0.3257191805268042,0.3401740853442785,0.3572629219778681,0.36851806767989426,0.3778830526643383,0.39084796926454446,0.4025200068108292,0.413648506983193,0.4230872663708485,0.43534238350955606,0.4458138687340556,0.45579037461320693,0.4668932609974508,0.47709638671557963,0.4870670192865897,0.4943993324132619,0.5036682615629984,0.5127766153065754,0.5214486084407602,0.5283137254901961,0.5351153858164445,0.5433938829374321,0.5491154274403068,0.5567930100910657,0.5621015203531142,0.5684640971650035,0.574987089522768,0.5806354009077156,0.5855144132191533,0.5901905391597043,0.5948358495087467,0.5993251918425846,0.6040767742895402,0.6090024908077334,0.6129919280920139,0.6163874469089193,0.6207809008585206,0.6241787893007977,0.6277205710273812,0.6313240357122016,0.6345907556176504,0.6384349693785737,0.6417072040769053,0.6453941669073058,0.6489833534934624,0.6534431782300427,0.6573742808895504,0.660058842012054,0.6625420539430917,0.6655097860719162,0.6683131777664225,0.6712177435345438,0.673547292520854,0.675420019765636,0.6777721404814251,0.6800416443906694,0.682118275038629,0.6841883818125719,0.6860680073945438,0.6878688708008167,0.6900307176766266,0.6919666508657948,0.693896870475554,0.6965099477603646,0.6981378181111758,0.7004100177304965,0.7018844951158093,0.7036064667679978,0.7058239302562971,0.7075354732056757,0.7091359383599339,0.7107678777551806,0.7127490258492948,0.7147945205479452,0.7163770693665344,0.7175701905464884,0.719425638785761,0.7209968099899119,0.7225989162105493,0.7243357898458108,0.7261371350984386,0.7273812430482082,0.7291051448077809,0.7308587197662464,0.7324019780041614,0.7345221074212954,0.7352727076649322,0.7363288615915091,0.7377569691098913,0.7393173877989788,0.7404682633444313,0.7416170395407479,0.7429658609786162,0.7440428380187416,0.7451851059276696,0.7466267667726507,0.7480317062104673,0.7488331155148961,0.7499000666222518,0.7506325405491784,0.7522608788168954,0.753355125036541,0.7541497357448278,0.7546127910372474,0.7552737018069892,0.7560988544760289,0.7569229138511275,0.7577129842959668,0.7586334647648787,0.759552582172039,0.7602082617543674,0.761092330445806,0.761942465030351,0.7628240630851597,0.7642255005268704,0.7651688646713523,0.766013415756938,0.7666622847377416,0.7676666841801082,0.768410827272966,0.7691863668564531,0.7699931826524726,0.7705734353705839,0.7712175188600168,0.7717644594559212,0.7722787824858017,0.7731457265404331,0.7740434873510349,0.7745559038662487,0.7750359054706881,0.7755794529129254,0.7764736567553469,0.7772072048588484,0.7778125162836746,0.7785126549317779,0.7793072939706992,0.7799422611771437,0.7807033504015803,0.7813052062766289,0.7821910695742471,0.7829177801416599,0.7837066998548019,0.7841480483126847
0.0,8.526603001364257e-05,0.00017052479004135227,0.0005114871488853843,0.0005967095729264342,0.0008523332623055614,0.0010227127455575914,0.0011930631897396566,0.0011930631897396566,0.0012782275244993609,0.0014485344239945467,0.0015336769905849273,0.0017039403620873268,0.0018741747241981515,0.0018741747241981515,0.0020443800843306784,0.002129471890971039,0.00221455644989566,0.0024697666496337933,0.002639870561185387,0.002724911653254992,0.002894972114606837,0.003150008513536523,0.0033199965948752875,0.0035749244584415032,0.0035749244584415032,0.0037448402059662112,0.003999659603438005,0.004169503063308373,0.004339317621032928,0.004933441075149917,0.0051879571355672735,0.005442408265657553,0.0057815754793181144,0.0061206273643048415,0.006628989079165427,0.008406215504797487,0.011108284575595692,0.014727665157222057,0.02517470741769807,0.034195197586221346,0.05514096185737977,0.0722445960384647,0.09068338149700843,0.10663545366483694,0.12314955589341442,0.14203105196451205,0.16356091450046978,0.18086632799472602,0.19964691433834816,0.21912607721802513,0.23580293343362166,0.25171437090041743,0.26541931666913177,0.2831314277348754,0.2975248602743703,0.3143483416579827,0.3278080775674616,0.3412305516265912,0.3550739883582299,0.36783688806930864,0.3791161328219481,0.3889136930315623,0.39935851503053876,0.4096687798759196,0.42261004068731295,0.4335659665408889,0.44638007551169107,0.4555361669904191,0.463126167152639,0.4716882778393171,0.4782820254971291,0.4854061733178355,0.4943993324132619,0.5024262546290384,0.5108409256848989,0.517617317111708,0.5242858940480685,0.5314466393263,0.5382649881590428,0.5451105666346183,0.5513109539544795,0.5577248270561107,0.565092377340022,0.5699914644555542,0.5764141781985919,0.5813222040766951,0.5866650598053689,0.5909527814489968,0.595256632928071,0.5997014925373134,0.603910597898872,0.6085073564309444,0.612663768373111,0.6168362081674775,0.6200100020592475,0.6238559023703356,0.6289238323493307,0.632481124099933,0.6364164874135225,0.6394617013254444,0.6422575976845152,0.6452376826662046,0.6485941461166167,0.6516627863527924,0.6541385740926696,0.6573358520808289,0.6598291575007856,0.6629613795069118,0.6653199419580619,0.6674431156435531,0.6699744825630848,0.6731345816597839,0.6753078052637524,0.6776603241719521,0.6798559126470423,0.6818220136566724,0.6842252889038483,0.6861784063856603,0.6887124727455695,0.6904695438557311,0.6923312797926017,0.6941877296514865,0.6959664192588886,0.6979571444432109,0.6996895442953764,0.7013813913573069,0.7028895340799115,0.7044299602297834,0.7062165591041977,0.7079982373030737,0.7098459845984598,0.7119360773222768,0.7133139502989742,0.7149353495507341,0.7165877814560477,0.7184110592027976,0.7199148611035311,0.7215545199356825,0.7226684819605174,0.7236068785372225,0.7249252514270182,0.7265175371918775,0.7282437781272028,0.7293116992171629,0.7312019906956616,0.7326417031393527,0.7338389700126859,0.7347269049224545,0.7363288615915091,0.737689037188526,0.7387072488707249,0.7398253861652115,0.7406035223367697,0.7419882539086594,0.7432689474107215,0.7446478270177692,0.7455542184784062,0.746995031785886,0.7479314578551219,0.74910002399936,0.7500666133759659,0.7513641566184887,0.7523604351179553,0.7530900295047979,0.7539511780487157,0.7552737018069892,0.7564615751663442,0.7575813756389543,0.7588962086938117,0.7597821489001692,0.7605030914759816,0.7612559085267633,0.7620731514223887,0.7628240630851597,0.7636718235247608,0.7643882523376795,0.7650713420733954,0.7659160265179417,0.7667919766555378,0.7674076409690472,0.768216789643673,0.7685724786055547,0.7692186598100436,0.7701544188973075,0.7710565612637866,0.7715071363100694,0.7720538191717711,0.7727926749509483,0.7734023637694801,0.7740434873510349,0.774811951525282,0.7752278008407091,0.775675322980556,0.7760267181547774,0.7766012935530983,0.7773028202053902,0.7776214300604545,0.7783536029584104,0.7789577802071945,0.7794660977259718
0.0,0.00017052479004135227,0.00017052479004135227,0.00034102050385779445,0.0007671326287078077,0.0010227127455575914,0.001363384602275148,0.0016188123029735027,0.0018741747241981515,0.00221455644989566,0.00221455644989566,0.0023847038283013244,0.0025548222269533745,0.002639870561185387,0.0028099455040871933,0.002979991485738612,0.0030650036184070497,0.0032350061720512495,0.0033199965948752875,0.0036598859477402334,0.004169503063308373,0.0042544139544777706,0.0042544139544777706,0.004424214063895861,0.0045091032839884295,0.004678860059549128,0.004933441075149917,0.004933441075149917,0.005018286977970571,0.005357598435241092,0.0057815754793181144,0.006035875201904276,0.006374840628984276,0.006628989079165427,0.0070524258645594355,0.008067940552016985,0.010180275715800637,0.013550709294939657,0.017496407742371736,0.024259781830434233,0.03674562651711727,0.04875005199450938,0.0653276694024003,0.07777413538764137,0.09324445167059589,0.10785737334624072,0.12584898122253296,0.14394239139036163,0.17157779856563768,0.19257147260537874,0.2096103202167856,0.22767115006800664,0.24949623106201954,0.26426404203359727,0.2821254623356648,0.3007317249873216,0.3141666067706462,0.330842584685454,0.3428127318331155,0.35605396881023305,0.3699920080614337,0.3848087318803154,0.3959102721925865,0.40740112035308096,0.4171812261699902,0.42689470154258885,0.4376873376407114,0.44704869732181285,0.45675560088166595,0.46433364978557634,0.47163848434496464,0.48084458693610543,0.4888702767129466,0.4964261675053688,0.5059557933626345,0.5125879890925233,0.5200959051044229,0.5260941967511861,0.5334208716313387,0.5393573296799103,0.5466431204882733,0.5541685930035445,0.5597617512511129,0.565662742699893,0.5712980447097521,0.5759387996721411,0.580248781816531,0.5861538925223786,0.5913335935857782,0.5966434319562031,0.6005369928400954,0.6052389022686052,0.6089199928829844,0.6123765012128025,0.6165914653926686,0.6206186779581275,0.62438051670039,0.628643260151431,0.6318030683077641,0.6346702369171663,0.6383559258076689,0.6422575976845152,0.6460197425388212,0.6491000719942405,0.6522825868359813,0.6558354107567552,0.658104010526918,0.6609003454083526,0.6635327635327636,0.6656236666192575,0.6687288929250503,0.6717068750707894,0.6735097839610904,0.6758313103370406,0.6777348704794656,0.6801159224557554,0.6823403836970872,0.6848892626857304,0.686619816893916,0.689115551208607,0.6918937006776164,0.6949143111506788,0.6969444444444445,0.6988239210029956,0.7007339703642155,0.7022436163443716,0.7037497582138219,0.7052881430779422,0.7075354732056757,0.7097040378479481,0.711440736162615,0.7132786570480292,0.7148297306923098,0.7163770693665344,0.7180608313065341,0.7196004039632066,0.7212060082326963,0.7228771337562278,0.7243357898458108,0.7254449123760358,0.7267940505916839,0.7284161448591797,0.7297246066776788,0.7318194106515274,0.7332577230503349,0.7345903806209706,0.7359202371328483,0.7376210979547901,0.738978494623656,0.7407387522817567,0.7421231866570134,0.7428984885839854,0.743639187958648,0.7448493605180072,0.7459566391317133,0.7472627249906532,0.7488664853043153,0.7499666906493991,0.7513641566184887,0.7527916622354568,0.7538187710862577,0.7549102877163181,0.7557029177718833,0.7563297012115909,0.7577458821037021,0.7587648506337152,0.7597821489001692,0.7605358416783364,0.7614521452145214,0.7620731514223887,0.7633132974797006,0.7645509612852252,0.76546134007053,0.7662081481286658,0.7670512786816306,0.767893257689176,0.7684431609346285,0.7691540722082284,0.7700576822233876,0.7707667313033908,0.7714749633354284,0.7719573810832744,0.7730173676501361,0.773498575051638,0.7737230093584985,0.7742677222962556,0.774715946193026,0.7755155311929001,0.7759628431270222,0.7768245938828192,0.7774940060460752,0.777971709172376,0.778576264125397,0.7791166749082581,0.7797200978096873,0.7803863453188778,0.7809568358410645,0.7814318370739817,0.7818432054844322,0.7822859071204216,0.7826651096405864
0.0,0.0002557762810128741,0.00042625745950554135,0.0008523332623055614,0.000937526634279383,0.000937526634279383,0.0011930631897396566,0.0015336769905849273,0.0015336769905849273,0.0017039403620873268,0.001959281029048471,0.0022996337620304914,0.0022996337620304914,0.0024697666496337933,0.0030650036184070497,0.003150008513536523,0.003404979782932539,0.0037448402059662112,0.004084584946602562,0.004169503063308373,0.0042544139544777706,0.004339317621032928,0.004424214063895861,0.0045091032839884295,0.004678860059549128,0.004933441075149917,0.004933441075149917,0.0051879571355672735,0.005357598435241092,0.005696794490264433,0.005696794490264433,0.006205372322339341,0.006628989079165427,0.006713690830288094,0.0070524258645594355,0.007560312606184166,0.00899792029200798,0.010770926978203714,0.014559614000931137,0.02184363667032133,0.030646515533165407,0.04329690498039543,0.05787861223813861,0.07359040696480637,0.08967258511158169,0.11530735235034151,0.13397509845260352,0.15220388387757514,0.17143525376159663,0.18978158524349772,0.21268002743275166,0.23027879428075604,0.24812338947604287,0.26413558318531677,0.2824399531341535,0.29875970116776673,0.3142877677159695,0.33036731207289294,0.34275418639157773,0.3550163060630501,0.37118055555555557,0.38274839688340345,0.39371318997397614,0.40864373431033313,0.42218559752446944,0.43325206238936576,0.44307998672419513,0.4504343804710468,0.45959347190752964,0.47054220599263147,0.4785781467907761,0.48545507377393216,0.4927545545095267,0.5008468888817871,0.5090423672249944,0.5171487276750435,0.526047885376736,0.5341083091153401,0.54126500404254,0.5481724490111727,0.5545695445861836,0.5605572432415846,0.565311802306022,0.5718200085246301,0.5784417709627564,0.584233717631436,0.5883662844933947,0.5950041931232778,0.6001611411178419,0.6067302266179572,0.6117194436223735,0.6172031600047164,0.6217129425591303,0.6255896399167912,0.6299649532710281,0.6337158501776664,0.6368523523087205,0.6408807764739968,0.6441020897765702,0.647776080251362,0.6507708237459733,0.6540227246642948,0.6577200412040747,0.6607091874607435,0.6634946864583037,0.666003128110337,0.6688044496154828,0.6718949067127205,0.6747464474390485,0.6778094083824234,0.680450070323488,0.6828213623855787,0.684962996187486,0.6865094920759366,0.6886758169569228,0.690506099433325,0.6925863991081382,0.6946600996187773,0.6971253992501042,0.6992929432968252,0.7024589937211296,0.7045015189174261,0.7058953350437254,0.7079626518302256,0.7094910591471802,0.7109450138770576,0.7123956960913482,0.7143013758701968,0.7162365561971484,0.7177104119399721,0.7193207567774168,0.7207526588491955,0.7226684819605174,0.7237805043937209,0.7249945640356599,0.726621243790548,0.7283472037734826,0.7299997292687549,0.7311333513659725,0.7321964271235912,0.7332919288202414,0.7351704055220017,0.7363969399849154,0.7383001613770844,0.7394867660889426,0.74056971031224,0.7418870353483882,0.7430669060314569,0.7441100878132363,0.7453529112840676,0.74672722415175,0.7474299751675523,0.7487663705956096,0.7498001172645381,0.7512976814757633,0.7524599755332163,0.7537194473963869,0.7546789136956118,0.7561318378278047,0.7569887914359151,0.7577458821037021,0.7588305331393042,0.7594541704130745,0.7601427249900885,0.760928709157664,0.7620404824109994,0.7629871842202416,0.7636718235247608,0.7648437294294215,0.765396357511317,0.7663379355687048,0.7672456836517488,0.7679256185323318,0.768669449037982,0.7698964206109873,0.7706378741024162,0.7711853307138179,0.7722466499162479,0.7731778120668462,0.7737871183605186,0.7745238903837613,0.7755474928871603,0.7762821516147546,0.7769202690723263,0.7773665554628857,0.7775258645401715,0.7780990336276732,0.7784808478504284,0.7792119918804976,0.7797200978096873,0.7803863453188778,0.7810835390411849,0.7820962172547187,0.782475537906512,0.7830125045400301,0.783769769250713,0.7843686024514758,0.7847150259067357,0.7851241809753192,0.785470173985087,0.7858473962107879
0.0,0.00034102050385779445,0.0005114871488853843,0.000681924732557644,0.0007671326287078077,0.0007671326287078077,0.000937526634279383,0.0011078915970683485,0.0012782275244993609,0.0017039403620873268,0.001789061168853297,0.0018741747241981515,0.001959281029048471,0.0020443800843306784,0.00221455644989566,0.0022996337620304914,0.0023847038283013244,0.0025548222269533745,0.0028099455040871933,0.003150008513536523,0.003404979782932539,0.0036598859477402334,0.003914727032892217,0.003999659603438005,0.004169503063308373,0.004339317621032928,0.004339317621032928,0.004424214063895861,0.004678860059549128,0.005272781392184378,0.005612006292249479,0.006035875201904276,0.006459563979431388,0.006628989079165427,0.007306401597213372,0.008575309899813211,0.010939620081411127,0.016406613387458243,0.022677457427078065,0.03246371948662025,0.043541727488843475,0.05546343889902172,0.06922950279881462,0.08514980814760388,0.10242304113911249,0.12187212235256437,0.13812264338162333,0.15518326254522574,0.17364220362079033,0.19354590264941465,0.21451680432383055,0.23467429345576338,0.24916955921322734,0.26644493717664447,0.2824399531341535,0.29845115891037033,0.31301470852663,0.328523071441297,0.34058509321164526,0.35345735345735346,0.36613144787712026,0.37866795700411293,0.38880302249699467,0.40170357751277685,0.4109078590785908,0.41995351813803095,0.42952795446936726,0.4401808871450422,0.44930746091038315,0.45787172490877415,0.46589050951664596,0.4733793282999219,0.48202439892567067,0.48891895374307437,0.49710056707141254,0.5051940602893379,0.5123993150250523,0.5199558289951096,0.52785187509807,0.5335584107036794,0.5386292834890966,0.5434843357034185,0.5509081922649203,0.5558599883015731,0.5623659209316579,0.5696426393462617,0.5748139146285888,0.5788724287315581,0.5825653421967064,0.5868779371008556,0.5904870646915658,0.5949621110012879,0.5992833681696028,0.603536556322934,0.6077639935893631,0.6113495752049969,0.6161425452829076,0.6192382410078295,0.6223605767818859,0.6256701725602789,0.6297248349593971,0.6329195080725069,0.6360596633035792,0.6387510519137576,0.6424147710829426,0.6454723954723954,0.6485162777297608,0.6514302141727756,0.6541771861372504,0.6571436750350671,0.6599822892564344,0.661702613260299,0.6639514682008487,0.6659272530785201,0.6670644730486176,0.6685399636693915,0.6709165604193229,0.6738472846521358,0.6761302703617994,0.6786287710205346,0.6808211473565804,0.6832280701754386,0.684962996187486,0.6866933564769451,0.6886391591188639,0.6909080761288162,0.6925499595863875,0.6946237756010686,0.6964012783104071,0.6984629043893236,0.7000859035109597,0.7020281674552448,0.7031405507022006,0.7050379572118702,0.7063949480186416,0.7079270643970693,0.7095620598591549,0.7107324446887454,0.712325006862476,0.7132433618608733,0.7150409510504835,0.7163068166269874,0.7180608313065341,0.7200196458293542,0.7212060082326963,0.7221465540724599,0.7235026803450434,0.7248905922966103,0.7263446553175315,0.7275193272751933,0.7292084304058081,0.7308930552173796,0.7320936266825234,0.7331893059681339,0.7340439886654972,0.7352386087894311,0.736260775862069,0.7374512178710806,0.7385376610105682,0.7394867660889426,0.7401299887199871,0.7410429135020531,0.7420219898096004,0.7429995444679653,0.7444462287886088,0.7453864669697781,0.7460907219801662,0.7469280906079709,0.7474968627346275,0.7481319385140905,0.7486996185547761,0.7497334754797441,0.7509651995633304,0.7517296434273549,0.7529574394555653,0.7538187710862577,0.7545466613566972,0.7553397543049696,0.7563626723223754,0.7568240843801346,0.7576471834529516,0.7584363338009158,0.7591588414230922,0.7599788527623579,0.7603393145001454,0.7612231963663252,0.7619751392151171,0.7624323967814273,0.7631502623460859,0.7638672955809113,0.7645834979326328,0.7652013687812582,0.7657536769542452,0.7662730452620782,0.7668243953732913,0.7676019335855402,0.7681197478991597,0.7689279622096837,0.7692832406338546,0.7697351167060058,0.7705734353705839
0.0,0.0002557762810128741,0.0005114871488853843,0.0005114871488853843,0.0008523332623055614,0.0011078915970683485,0.0012782275244993609,0.001363384602275148,0.0014485344239945467,0.0017039403620873268,0.0018741747241981515,0.001959281029048471,0.0022996337620304914,0.002724911653254992,0.002894972114606837,0.0030650036184070497,0.003404979782932539,0.0035749244584415032,0.0037448402059662112,0.003914727032892217,0.003999659603438005,0.004084584946602562,0.004169503063308373,0.0042544139544777706,0.0045939852822323365,0.004933441075149917,0.004933441075149917,0.0055272108843537416,0.005696794490264433,0.005951115834218916,0.006035875201904276,0.006205372322339341,0.006544280129185789,0.006883072739632903,0.007137091635158673,0.00772955066677992,0.00899792029200798,0.011698385114228797,0.016825906823370256,0.023344008090342153,0.03188588210614642,0.045090848474745794,0.06116966315354412,0.07659190618721555,0.09200357927275685,0.11196973355872172,0.1286899632998245,0.14643590959380434,0.1621939275220372,0.18501895844618121,0.2019241826056959,0.21838207368021267,0.23613461176912953,0.2524308013262303,0.26772525849335305,0.28407345087424096,0.2999311419562933,0.31743185078909614,0.33149564289525163,0.34322243413152503,0.35674501698952604,0.3679504575026963,0.3780513104211327,0.39101354827645346,0.4025744057753865,0.4138094271995672,0.4247817327065144,0.4348725477111971,0.4462771595124536,0.45670482958283987,0.466392049169609,0.47427307617251024,0.4841336521682932,0.49183384773662553,0.4997921263871566,0.5074769328666878,0.5166798418972331,0.5231243900135377,0.5302963844852434,0.5365777569801903,0.5429867064231582,0.5490705514830967,0.5566153846153846,0.5635105340519353,0.5691627268567943,0.5754198426918522,0.5808071640346101,0.5862391127452458,0.5911220567035079,0.5965594614809274,0.6023299466674612,0.6067302266179572,0.6112262419326189,0.6154481862991057,0.6194414197004032,0.6245418560328397,0.6290440424350469,0.6332381562845988,0.6370107795566144,0.639895621919397,0.6433570478338828,0.646410433979686,0.6499942442730516,0.652592273445354,0.6547946776783666,0.6577200412040747,0.6605562218034379,0.6638373020394213,0.6666098177993803,0.6692576097131996,0.6723459655279767,0.6757939308398024,0.6786287710205346,0.6815626756604835,0.6841145614182726,0.6864359318996416,0.6885291733064944,0.6910907112363627,0.6927685662533092,0.6946964216150037,0.6958939145422701,0.698065554661264,0.6991847373967057,0.7009858218874613,0.7027819257784415,0.7046803810575728,0.7069654621130682,0.7088872374975917,0.7105552501374381,0.712183605117224,0.714477542407717,0.7157445177539902,0.7166931115609783,0.7187261007320004,0.7200894927832802,0.7217983651226159,0.7230857173966301,0.7246479256157903,0.7262409036602585,0.7277954058525208,0.7292428552079101,0.7307213593809189,0.7322649514904197,0.7335996976405161,0.734487968058703,0.7362267302459656,0.7374851975454839,0.7383680275402076,0.7397576767052628,0.7408063563644173,0.7417520519285447,0.7429995444679653,0.7443454053909366,0.7456883873900372,0.74672722415175,0.7476640504031181,0.7485327072884431,0.7497667972602009,0.7505659874816887,0.751164709953944,0.7522608788168954,0.7533882540526176,0.7545466613566972,0.755636903814526,0.7563297012115909,0.7571534548537516,0.7581405199343464,0.758994708994709,0.7597493588557227,0.7605358416783364,0.7614521452145214,0.7620078116752876,0.7631176501608395,0.7645509612852252,0.7650388311175464,0.7656237665447465,0.7661107896259667,0.7668243953732913,0.7677314279709992,0.7683138161004044,0.76889565399958,0.7693155285043419,0.7699931826524726,0.7707667313033908,0.7714749633354284,0.7720216748252664,0.7728247789462669,0.7736268332854043,0.7745238903837613,0.7753876677282933,0.7762502282628545,0.7770796944654449,0.7776851321069362,0.7784808478504284,0.7789577802071945,0.7794978535189281,0.7802912116484659,0.7810518657104251,0.7817799361155114,0.7824123342071794,0.7831387808041504
0.0,0.00034102050385779445,0.00042625745950554135,0.0008523332623055614,0.0011930631897396566,0.0012782275244993609,0.0014485344239945467,0.0014485344239945467,0.001789061168853297,0.0020443800843306784,0.002129471890971039,0.0024697666496337933,0.0024697666496337933,0.0025548222269533745,0.002979991485738612,0.0030650036184070497,0.0033199965948752875,0.0035749244584415032,0.0036598859477402334,0.0037448402059662112,0.004084584946602562,0.004169503063308373,0.0042544139544777706,0.004424214063895861,0.0045939852822323365,0.004848587955086765,0.005018286977970571,0.005103125664469487,0.0051879571355672735,0.005357598435241092,0.005951115834218916,0.0061206273643048415,0.006459563979431388,0.00696775289968985,0.0074756827931869345,0.007983353857913288,0.00975816716164616,0.01447557775332261,0.02000675333445889,0.02874311888053116,0.03789526518320228,0.05247643957321377,0.06676282711724707,0.08327204380158536,0.10219273403997087,0.1232246449289858,0.14136851697769326,0.15663313423451744,0.17499221910986618,0.19507502885725278,0.21383695693561283,0.23147973609802072,0.24759983563076693,0.26676519490116385,0.2844499707431246,0.2994381004168932,0.31240781379285537,0.32756961032478876,0.34322243413152503,0.36019156150592513,0.3735524582206504,0.38703022384210706,0.3968422131847852,0.4081577250670196,0.4201663691779207,0.4313135366506153,0.4401808871450422,0.45007599286327893,0.46060446953040396,0.46864492540724056,0.4768491460484447,0.4856017561983471,0.49420601547202514,0.5025696683372171,0.5098475222363406,0.5178515007898894,0.5260941967511861,0.5322277847309136,0.5400392144657807,0.5473632056482829,0.554257712577434,0.5605130722965509,0.5665831449000794,0.5726891011988072,0.5783986908297473,0.5840200428627487,0.5909527814489968,0.5967273923838583,0.6017883755588673,0.6063990968776923,0.6101152558442713,0.6135658341953598,0.6188723686147505,0.6234520805211573,0.6267162387657719,0.6310044942508609,0.6347894415180001,0.6383954487402763,0.6411170012456187,0.6443763726736793,0.6474251773254137,0.6512363427257044,0.6538682277318641,0.6563359303391384,0.6595610926963081,0.6623513644529356,0.6649780864021857,0.6674052610647122,0.6692576097131996,0.6721580615942029,0.674971047651329,0.6780329716781739,0.679930211616389,0.682155298348129,0.6846311303031153,0.6863255761852755,0.688272467982775,0.6901404517912489,0.6921854526192533,0.6946237756010686,0.696437503473573,0.698426791709442,0.7003380063168394,0.7020999916996375,0.7045015189174261,0.7063592741713088,0.7074998622361823,0.7093490342816265,0.7110866877318313,0.7125017153835598,0.7140899122807017,0.715287287067974,0.7171493423031695,0.7189360423835273,0.7199847194935604,0.7217635357911659,0.7236763345486206,0.7246479256157903,0.7256872758882973,0.7268631601802095,0.7280023861818379,0.7297246066776788,0.7312363075757986,0.7325047284517698,0.7340098235008367,0.7353068047018225,0.7364309764309764,0.7374172363675513,0.7381304640215198,0.738978494623656,0.7401299887199871,0.7414819981756721,0.7424603919255824,0.7432016075016745,0.7442781807961024,0.7453193538033593,0.7463588016782918,0.7472627249906532,0.7481653457155819,0.7491667333280004,0.7502331157586253,0.7511314626484212,0.7521944991222004,0.7532225913621262,0.7539842753931152,0.7547780845190062,0.7557359221240816,0.7568240843801346,0.7572522319654542,0.7580418839850679,0.7587648506337152,0.7595853826220318,0.7604375858788711,0.761354034643008,0.7620731514223887,0.76292194092827,0.7636718235247608,0.7650388311175464,0.765591284669228,0.7662730452620782,0.7671484888304863,0.7680226908632508,0.768410827272966,0.7693155285043419,0.7701544188973075,0.7711209493621146,0.7718930806084248,0.7730173676501361,0.7736909523436071,0.774715946193026,0.7755474928871603,0.776154448212888,0.7768883790055536,0.7775895765472313,0.777971709172376,0.7785444603567244,0.7790531219905781,0.7796248601680584,0.7800691753569292,0.7809568358410645,0.7818115716214813
0.0,0.0002557762810128741,0.0005114871488853843,0.0005967095729264342,0.0005967095729264342,0.0007671326287078077,0.0008523332623055614,0.0011078915970683485,0.0012782275244993609,0.0014485344239945467,0.0016188123029735027,0.0018741747241981515,0.002129471890971039,0.0023847038283013244,0.0024697666496337933,0.002639870561185387,0.002724911653254992,0.0028099455040871933,0.002894972114606837,0.002894972114606837,0.002979991485738612,0.0030650036184070497,0.003150008513536523,0.003404979782932539,0.003404979782932539,0.0034899557371467485,0.0035749244584415032,0.0036598859477402334,0.003829787234042553,0.004084584946602562,0.004084584946602562,0.004339317621032928,0.004424214063895861,0.0045939852822323365,0.004763727616860193,0.005018286977970571,0.005272781392184378,0.006035875201904276,0.007560312606184166,0.009335879482283047,0.012624978817149636,0.019254317442891525,0.026587017794791973,0.038387555406874635,0.05506032588415772,0.06612524219812838,0.08193973095637241,0.10747569290353814,0.12674706493091606,0.14906881313131312,0.1644950502797668,0.185370005028819,0.20392066773872425,0.22054472346559442,0.24162231051802985,0.2611757728519534,0.2797946461312798,0.29380955844911616,0.30973228119482576,0.3251811917597915,0.3379982285208149,0.3514320857494289,0.36544827345900555,0.38029141633865066,0.3890243483636114,0.4008317992772892,0.4126285868976719,0.42303425555518204,0.4336705733079569,0.4435965494359655,0.452019535374868,0.4604529044962258,0.46834492441309955,0.47813392161951723,0.4861882018846005,0.4947858174233916,0.5010864008179959,0.5091845166211149,0.5145661811272958,0.5210290686676335,0.5267422505574574,0.5328245707315548,0.5388568758760318,0.54506544259041,0.5520264221995864,0.5577248270561107,0.563026497166488,0.5679833933695586,0.5724719272085451,0.5769755801607765,0.5814938010281222,0.5853011248831388,0.5913335935857782,0.595635122593779,0.599032373671007,0.6033286688302022,0.6076400225579531,0.6112673554575327,0.6161425452829076,0.619400788745659,0.6225628376791168,0.6259922087812307,0.6289238323493307,0.6326405689800916,0.6358216767964637,0.6398561860303285,0.6431216012958464,0.6460978988686216,0.6492945580190037,0.6523213054470237,0.654910394265233,0.6576432209694958,0.6594461749492756,0.6615498744578864,0.6632661784401448,0.6656236666192575,0.667556666477305,0.6696350075153853,0.6720077001472087,0.6749336195695158,0.676951714801444,0.6787032081795905,0.6807469486472805,0.6830062607035571,0.6852209983463662,0.6871344210909295,0.6894085435699718,0.691638310927651,0.6936422623854744,0.6960751612185901,0.6978487161693269,0.7000859035109597,0.7017048599579321,0.7033914701898891,0.7050022084805654,0.706751578308935,0.7079270643970693,0.709597557285506,0.7111929226880598,0.7124663775594225,0.7132433618608733,0.7147240944709299,0.7160960122615431,0.7170791740735676,0.7182009454326858,0.7195654547439677,0.7205084144778114,0.7218680180916571,0.7228423631908522,0.7245438973327171,0.7265175371918775,0.7280368763557483,0.7298621828716866,0.731167671959103,0.7323334684502094,0.7337364357825407,0.7346245144583513,0.7355795148247979,0.7367712400700148,0.7378248937200668,0.7388089797015728,0.7396560988715745,0.7406711409395973,0.7416845493562232,0.7426963280621817,0.7439419498219402,0.7448829431438128,0.7460236841401802,0.746894617336717,0.7477977684053174,0.7486328593912557,0.7496668265899035,0.7503995737879595,0.7510317101094278,0.7518292845169359,0.7523604351179553,0.7536201078725722,0.7550424628450106,0.7557689247254787,0.7568570292831589,0.7572851541803539,0.7580747643757281,0.7588633717853741,0.7595197799873069,0.7605685901500739,0.7614848452846129,0.7623017862325532,0.7631502623460859,0.7639324391979131,0.7647786818337414,0.7658835600220989,0.7665974285488918,0.7672456836517488,0.7680550449078208,0.7685724786055547,0.7696060431201804,0.7702511403554764,0.771088756156345,0.7723430425793619,0.7730815504524768,0.7737871183605186
0.0,0.0,0.0,0.00017052479004135227,0.00034102050385779445,0.00042625745950554135,0.0005967095729264342,0.0008523332623055614,0.0010227127455575914,0.0011078915970683485,0.0012782275244993609,0.0015336769905849273,0.0017039403620873268,0.001959281029048471,0.001959281029048471,0.00221455644989566,0.0022996337620304914,0.0022996337620304914,0.0023847038283013244,0.0024697666496337933,0.0025548222269533745,0.002639870561185387,0.0028099455040871933,0.002979991485738612,0.003150008513536523,0.0035749244584415032,0.0037448402059662112,0.003914727032892217,0.004084584946602562,0.004169503063308373,0.004339317621032928,0.004848587955086765,0.005103125664469487,0.005442408265657553,0.0057815754793181144,0.0061206273643048415,0.00696775289968985,0.00899792029200798,0.0132141798314345,0.018752375723275753,0.027499789756959044,0.04182668225079312,0.05522159114464575,0.07359040696480637,0.09564405472333862,0.112197673950662,0.13293532338308459,0.15140290037831022,0.16929441148922886,0.18628209093721002,0.20735249159278507,0.22081468557991352,0.2375262999699429,0.2580118088306287,0.27511398735108106,0.2920080101947934,0.30942770650136947,0.3231456657730116,0.33946902654867256,0.3519533445756043,0.36504949114735813,0.3761423428413182,0.3880279028212089,0.40072276012546026,0.413648506983193,0.42736933856314324,0.4366460041325068,0.44653442394939896,0.45385629531970995,0.4636295156060656,0.47208650902221355,0.4808937823834197,0.4869694233002193,0.4962333707324892,0.5040022961380234,0.5106990920058416,0.5163514453792144,0.5228918697650986,0.5309867535151724,0.5367147045979163,0.541899788636081,0.5479477496440289,0.5550592946249807,0.5600270129232281,0.5662326548077511,0.5720808474369902,0.5760684798445848,0.5810647307924985,0.585855540817557,0.5908257983117546,0.5959713866690611,0.6000775910949298,0.604325964713933,0.6097857333372848,0.6139345231060158,0.6179364798774379,0.6214699227129801,0.6248241088180112,0.6287635194387606,0.6312042251466254,0.6333974246926528,0.6370899793718585,0.6413137925041997,0.6446505446245413,0.6476591328413284,0.6504991225799027,0.652592273445354,0.6552188745234068,0.6572205524545585,0.6592929206321987,0.6617789695897758,0.6645980414484172,0.6672916844228529,0.6697859067063661,0.6720452937013447,0.6747838860952596,0.6774366348078604,0.6798187600258915,0.6824514099539377,0.6844835805827421,0.6856998767230752,0.6881257341014598,0.690213597654614,0.6918572225320692,0.6942240779401531,0.6959664192588886,0.697812569398179,0.6999778295089236,0.7015251750768123,0.7028536666297975,0.7047519120854847,0.7070723774874593,0.7085317842689205,0.7098459845984598,0.7115823010794035,0.7127843481601405,0.7140194089588245,0.7156741957563313,0.7171844235397068,0.7187261007320004,0.7201593321146973,0.7212408679533312,0.7225293428828191,0.724023501251224,0.725479541379123,0.7265866768011293,0.7273812430482082,0.7287262872628726,0.7300341112133846,0.731167671959103,0.7322992108961194,0.7335655084905915,0.7349657515775848,0.7359542992643691,0.7369753103039768,0.7377569691098913,0.7387072488707249,0.7395206362854686,0.7404344440566012,0.7412118284763591,0.7422243672243672,0.7429658609786162,0.7439419498219402,0.7453529112840676,0.7461242382123383,0.7467607063663808,0.7476974825809551,0.7488331155148961,0.74960017059388,0.7508321572177988,0.7518624946785867,0.7525263269864908,0.7535207525110272,0.7547119723918237,0.755438819908734,0.7565275016567263,0.7571534548537516,0.7581733951025811,0.7590275389539959,0.7598805086314009,0.7608959797136668,0.7617463836976032,0.7625956212081245,0.7631502623460859,0.7642255005268704,0.7648112064879667,0.7654288496460246,0.7659160265179417,0.7663379355687048,0.7667271341062649,0.7676343097333509,0.7681520968461962,0.7686048037800236,0.769380099163147,0.7700576822233876,0.7705734353705839,0.7711853307138179,0.7722145156646688,0.7726963528857725,0.7734344358739704,0.7737871183605186
0.0,0.00017052479004135227,0.00017052479004135227,0.00042625745950554135,0.000681924732557644,0.000937526634279383,0.0012782275244993609,0.001363384602275148,0.0015336769905849273,0.001789061168853297,0.002129471890971039,0.0022996337620304914,0.0025548222269533745,0.002894972114606837,0.0030650036184070497,0.003150008513536523,0.0032350061720512495,0.0035749244584415032,0.0037448402059662112,0.004084584946602562,0.0042544139544777706,0.004424214063895861,0.004424214063895861,0.0045091032839884295,0.0045091032839884295,0.004678860059549128,0.004678860059549128,0.004848587955086765,0.005357598435241092,0.005612006292249479,0.005951115834218916,0.006374840628984276,0.006544280129185789,0.006798385383471425,0.007221750212404418,0.007983353857913288,0.008406215504797487,0.008913412563667233,0.011614106476771788,0.015987142615462697,0.025008420343550018,0.03501864030494701,0.04956134880046568,0.06357069143446853,0.07871887287024902,0.09734333806530115,0.1176517796236106,0.1371614645381622,0.1546752684788167,0.17300202523757593,0.19194449797648871,0.2126119260811583,0.23187968791225358,0.24916955921322734,0.26477768735666196,0.28300574649536986,0.3030675734336565,0.3182763318276332,0.33149564289525163,0.34485921953284876,0.3581253718805782,0.36965210440343377,0.38497555601459754,0.3980466482259331,0.41112315404416744,0.42080457835381246,0.4318903560086913,0.4424596586758749,0.45344850323091124,0.461815916319638,0.4694443538125224,0.4790714262555523,0.4864324202239215,0.49526864474739374,0.5029041935277972,0.5102261178861789,0.5166798418972331,0.5224266095502079,0.5293748824377704,0.5359840209724737,0.5418091389493317,0.5478578504210005,0.5529644024924425,0.5588768394212159,0.5642579499892878,0.5703836893913997,0.575592870373182,0.5809788855950149,0.5855570631690035,0.5895971136500301,0.5933189396665467,0.5960974441850722,0.6006204880377066,0.6039936910394905,0.6090437361008154,0.6132379460194519,0.6167138476055674,0.6212268171531024,0.6238559023703356,0.6276804259427201,0.6310843936033618,0.6344317652538426,0.6385930289926575,0.6417072040769053,0.6440628974447913,0.6473471741637832,0.650537943731661,0.6534045240555747,0.6556042759292695,0.658104010526918,0.660058842012054,0.6623513644529356,0.6642558159400894,0.6664961055204958,0.6694085945255992,0.6720828851271019,0.6748213226362326,0.6765037806116692,0.6782936999887299,0.6805985261855206,0.6833759016531478,0.6852946946554188,0.6872813768014552,0.6899575513851653,0.6922583702712497,0.6946964216150037,0.6971977671008415,0.6993650705631186,0.7021718079955734,0.7036064667679978,0.7052166712669059,0.7070723774874593,0.7084251101321586,0.7100233741234704,0.7117592134893173,0.7132433618608733,0.7146536606751425,0.7156741957563313,0.7174650043744532,0.7187261007320004,0.7199148611035311,0.7212757257734769,0.7223901734891195,0.7236416074878241,0.7252717391304347,0.7266903721397356,0.7279334002223609,0.7287262872628726,0.7295181864962219,0.7308587197662464,0.7322992108961194,0.7335996976405161,0.7348633997680628,0.7358861731655394,0.7369413031771674,0.737994673266794,0.7391818523893996,0.7401976581802556,0.7412118284763591,0.742595223416517,0.7434372656166292,0.7441773304063822,0.745084401166368,0.746291792500735,0.7474299751675523,0.7482655566229053,0.7492334355419278,0.7500999174016146,0.7507323568575233,0.7514638560630257,0.7525263269864908,0.7535538727248572,0.7545466613566972,0.7551746099140219,0.7558349246764269,0.7565275016567263,0.7574497390935819,0.7581405199343464,0.7589618772983412,0.7598149372108394,0.7607323065543021,0.7612886189595987,0.761909789120853,0.7626935351990083,0.7636392388382268,0.7642906063958695,0.7648762506582412,0.7657861502841508,0.7664028190496226,0.7667595562332404,0.7672780785199979,0.7678285309027869,0.768216789643673,0.7687664041994751,0.7695414961703914,0.7705412134713668,0.771024364684307,0.7715071363100694,0.7720216748252664,0.7724394201078139,0.7730494598906703
