0.0,0.0,0.0,1.0,1.0,1.0,1.0,1.0,1.0,1.0,1.0,1.0,1.0,1.0,1.0,1.0,1.0,1.0,1.0,1.0,1.0,1.0,1.0,1.0,1.0,1.0,1.0,0.9789156626506024,0.9736842105263158,0.9712643678160919,0.96875,0.9666666666666667,0.964769647696477,0.9673659673659674,0.9652777777777778,0.9660633484162896,0.9667405764966741,0.9646799116997793,0.9653061224489796,0.9704347826086956,0.9704347826086956,0.9759887005649718,0.9760225669957687,0.976123595505618,0.9766803840877915,0.9782608695652174,0.9785082174462706,0.9715302491103203,0.9717314487632509,0.9718640093786636,0.9727272727272728,0.9728506787330317,0.9751552795031055,0.9753086419753086,0.9760239760239761,0.9667300380228137,0.9678308823529411,0.958513396715644,0.959114139693356,0.9592183517417162,0.95546875,0.9555382215288611,0.9556765163297045,0.9565217391304348,0.9568181818181818,0.9568508705526116,0.9568835098335855,0.9591397849462365,0.9592274678111588,0.9608785175017158,0.9609053497942387,0.9611451942740287,0.9614604462474645,0.9619238476953907,0.9623513870541611,0.9626474442988204,0.962890625,0.963130659767141,0.9581511555277952,0.9576059850374065,0.9598346131128175,0.9598346131128175,0.9599056603773585,0.9600235155790712,0.9600235155790712,0.9602571595558154,0.9606025492468134,0.9615166949632145,0.9618834080717489,0.9620535714285714,0.9626168224299065,0.9630032644178455,0.9631036353771025,0.9631635969664138,0.96322336398053,0.9633423180592992,0.9655696202531645,0.9656044511886697,0.96579476861167,0.9658291457286432,0.9660339660339661,0.9662027833001988,0.9662363455809335,0.9663366336633663,0.9663366336633663,0.9663366336633663,0.9663532904502722,0.9663532904502722,0.9663699307616221,0.9663865546218487,0.9664528860384806,0.9664694280078896,0.966518956179222,0.9666011787819253,0.9666993143976493,0.9667318982387475,0.9667318982387475,0.9667481662591687,0.9667481662591687,0.9667481662591687,0.9667644183773216,0.9667644183773216,0.9670382937469705,0.9670382937469705,0.9670382937469705,0.9670542635658915,0.9670542635658915,0.9670861568247822,0.9670861568247822,0.9670861568247822,0.9670861568247822,0.9674952198852772,0.9674952198852772,0.9675107501194458,0.9675107501194458,0.9675262655205349,0.9675417661097852,0.9675417661097852,0.9675417661097852,0.9675417661097852,0.9675417661097852
0.0,1.0,1.0,1.0,1.0,1.0,1.0,1.0,1.0,1.0,1.0,1.0,1.0,1.0,1.0,1.0,1.0,1.0,1.0,1.0,0.9952153110047847,0.984313725490196,0.9595959595959596,0.9544072948328267,0.9510086455331412,0.9415041782729805,0.9390581717451524,0.9437340153452686,0.9438775510204082,0.9519650655021834,0.9526881720430107,0.9533468559837728,0.9541984732824428,0.9534450651769087,0.9554030874785592,0.9563758389261745,0.9563758389261745,0.9618768328445748,0.963276836158192,0.9646739130434783,0.9651006711409396,0.9654714475431607,0.9655629139072848,0.9658344283837057,0.9666238767650834,0.9670468948035488,0.9687875150060024,0.9707865168539326,0.9713340683572216,0.9745098039215686,0.9747081712062257,0.9748792270531401,0.9749518304431599,0.9751196172248804,0.9752380952380952,0.975925925925926,0.9763851044504995,0.9768477292965272,0.9773519163763066,0.9777587681779298,0.9781144781144782,0.9790153349475383,0.9798136645962733,0.9802431610942249,0.979106628242075,0.9792709077912795,0.9795342272406493,0.979706088173548,0.9798050139275766,0.9800275482093664,0.9806666666666667,0.9807564698075647,0.9808201058201058,0.9815404201145767,0.9816223067173637,0.9810126582278481,0.9810844892812106,0.9814471243042672,0.9814700432365658,0.9814814814814815,0.9815043156596794,0.9815270935960592,0.9815270935960592,0.9815384615384616,0.9815384615384616,0.9815384615384616,0.9817739975698664,0.9817739975698664,0.9818181818181818,0.9818511796733213,0.9818949909474954,0.982089552238806,0.982185273159145,0.9825479930191972,0.9825885084155542,0.9827089337175793,0.9827387802071347,0.9827685238368754,0.9829157175398633,0.9830316742081447,0.9830604178430266,0.9830890642615558,0.9831176139561058,0.9833240689271817,0.9835074216602528,0.9835074216602528,0.9835255354200988,0.9835255354200988,0.9835255354200988,0.9835345773874863,0.9836956521739131,0.9837486457204767,0.9838969404186796,0.9840085287846482,0.9840425531914894,0.9840679766330324,0.9840679766330324,0.9840764331210191,0.9840764331210191,0.9840764331210191,0.9840764331210191,0.9840764331210191,0.9840764331210191,0.9840764331210191,0.9840764331210191,0.9840764331210191,0.9840764331210191,0.9840764331210191,0.9841017488076311,0.9841185812599259,0.9841605068637803,0.9841605068637803,0.9841605068637803,0.9841688654353562,0.9841688654353562,0.9841688654353562,0.9841688654353562,0.9843096234309623,0.9843096234309623,0.9843096234309623,0.9843178254051228
0.0,1.0,1.0,1.0,1.0,1.0,1.0,1.0,1.0,1.0,1.0,1.0,1.0,1.0,1.0,1.0,1.0,1.0,0.9928057553956835,0.9869706840390879,0.9818181818181818,0.985,0.9398663697104677,0.9380530973451328,0.9285714285714286,0.9267326732673268,0.8940520446096655,0.8996478873239436,0.9013840830449827,0.9092356687898089,0.9095238095238095,0.9162995594713657,0.9170243204577968,0.9203296703296703,0.9216467463479415,0.9209535759096612,0.9229828850855746,0.9227110582639715,0.9210220673635308,0.9204152249134948,0.9207807118254879,0.9211428571428572,0.9225589225589226,0.9230769230769231,0.9242590559824369,0.9245076586433261,0.9262032085561497,0.9280575539568345,0.9295774647887324,0.9315068493150684,0.9337748344370861,0.9348230912476723,0.9356617647058824,0.9372197309417041,0.9404255319148936,0.9429502852485737,0.9435483870967742,0.9358578052550232,0.9365443425076453,0.9362186788154897,0.9364599092284418,0.9365558912386707,0.9386413440467495,0.9398280802292264,0.940128296507484,0.9415041782729805,0.9416666666666667,0.9425444596443229,0.9427402862985685,0.9433198380566802,0.9434724091520862,0.9435104236718225,0.9436619718309859,0.9437374413931681,0.9443708609271523,0.9450261780104712,0.9451697127937336,0.9451697127937336,0.9441195581546459,0.9446589446589446,0.9446945337620579,0.9458779106356199,0.9459798994974874,0.9461827284105131,0.9463505926388023,0.9464508094645081,0.947076923076923,0.947239263803681,0.947271612507664,0.9473039215686274,0.9473361910593999,0.9487790351399643,0.9473684210526315,0.948512585812357,0.9482660602615123,0.9487900956668542,0.9491620111731843,0.9488320355951056,0.9489456159822419,0.9490304709141274,0.9492833517089305,0.9482663731425427,0.9483516483516483,0.9486619333697434,0.9488574537540805,0.9491066594477531,0.9491891891891892,0.949244060475162,0.949271451699946,0.9488972565895643,0.9484702093397746,0.9480449919657205,0.9481283422459893,0.9486228813559322,0.9486228813559322,0.9487043892120571,0.9487043892120571,0.9487315010570825,0.9487315010570825,0.9487315010570825,0.9487856388595565,0.9488935721812434,0.9488935721812434,0.9488935721812434,0.9491080797481637,0.9491080797481637,0.9491080797481637,0.9495317377731529,0.9495317377731529,0.9495579823192928,0.9495579823192928,0.9496365524402908,0.9496626881162429,0.9496887966804979,0.9496887966804979,0.9498448810754913,0.9504849412965799,0.9505102040816327,0.9505102040816327,0.9507113821138211,0.9507614213197969
0.0,1.0,1.0,1.0,1.0,1.0,1.0,1.0,1.0,1.0,0.9908256880733946,0.9925373134328358,0.9664429530201343,0.9453551912568307,0.9192825112107623,0.8892405063291139,0.8778409090909091,0.8794871794871795,0.8830845771144279,0.8929384965831435,0.8921348314606742,0.9057692307692308,0.9172297297297297,0.9007518796992481,0.9,0.9,0.903179190751445,0.9037356321839081,0.9046941678520626,0.9055007052186178,0.9101876675603218,0.9120734908136483,0.916354556803995,0.9262114537444934,0.9271739130434783,0.9293993677555321,0.933531746031746,0.9208294062205467,0.9239819004524887,0.9261862917398945,0.928388746803069,0.9284497444633731,0.93,0.9312039312039312,0.9318364073777065,0.9325490196078431,0.9210727969348659,0.9210727969348659,0.9216730038022813,0.924198250728863,0.9229651162790697,0.9222948438634713,0.9223512336719883,0.9236804564907275,0.9241672572643516,0.9162125340599455,0.9179452968645764,0.9203367875647669,0.9210019267822736,0.9184713375796179,0.9186785260482846,0.9189360354654845,0.9214241866175568,0.9239001189060642,0.9182498560736903,0.9221491228070176,0.9224890829694323,0.9225736095965104,0.922784121805329,0.9228680065181967,0.9229098805646037,0.9229517091698318,0.9229517091698318,0.9231185706551164,0.924548352816153,0.9247482776894541,0.9249074563722898,0.9249074563722898,0.9261570462818512,0.9263103269330566,0.9263485477178424,0.9287863590772317,0.9291417165668663,0.9299111549851925,0.9300492610837439,0.9303921568627451,0.9306301905227161,0.9311014070839398,0.9313014029995162,0.9314671814671814,0.9322195704057279,0.9323487374940448,0.9323487374940448,0.9318181818181818,0.9318504495977283,0.9314096499526963,0.931067044381492,0.9306603773584906,0.9306603773584906,0.9315960912052117,0.9301470588235294,0.930327868852459,0.9303595812471552,0.9303912647861693,0.9309255079006772,0.9309255079006772,0.930956678700361,0.9309878213802436,0.9309878213802436,0.9310189359783588,0.9310189359783588,0.9310189359783588,0.9310500225326723,0.9310500225326723,0.9315742397137746,0.9315742397137746,0.9315742397137746,0.9316048278945016,0.9316048278945016,0.9316964285714285,0.93184855233853,0.9314946619217082,0.9314946619217082,0.9315251222765674,0.9315555555555556,0.9315859617947578,0.9317375886524822,0.9317375886524822,0.9317375886524822,0.9317980513728964,0.9319186560565871,0.93194874060981,0.9320388349514563,0.9320388349514563,0.9320388349514563,0.9320388349514563,0.9320388349514563,0.9320987654320988,0.9320987654320988,0.9320987654320988,0.9320987654320988
0.0,0.0,1.0,1.0,1.0,1.0,1.0,1.0,1.0,1.0,1.0,1.0,1.0,1.0,0.9848484848484849,0.9767441860465116,0.9752066115702479,0.9717741935483871,0.9702602230483272,0.9642857142857143,0.9616724738675958,0.9621993127147767,0.9621993127147767,0.9498607242339833,0.9538834951456311,0.9506726457399103,0.9555555555555556,0.9558232931726908,0.9543650793650794,0.9475728155339805,0.9486238532110092,0.943986820428336,0.9402261712439418,0.9389671361502347,0.9363354037267081,0.9418439716312057,0.9436038514442916,0.9469598965071151,0.9478371501272265,0.9461152882205514,0.9476885644768857,0.9488703923900119,0.9490521327014217,0.9491124260355029,0.9491916859122402,0.9495412844036697,0.9514884233737596,0.9519650655021834,0.9520174482006543,0.9549180327868853,0.9569471624266145,0.9573643410852714,0.9584905660377359,0.9588785046728971,0.9589934762348555,0.959743824336688,0.9607493309545049,0.9612676056338029,0.9616724738675958,0.9623931623931624,0.962457337883959,0.9626802374893978,0.9633638634471274,0.9634247714048213,0.9587955625990491,0.9573122529644269,0.9577133907595928,0.9603232916972814,0.9604105571847508,0.9610670511896179,0.9606580829756796,0.9619640387275242,0.9623287671232876,0.9628378378378378,0.9631120053655265,0.9640287769784173,0.9651236525047558,0.9652777777777778,0.965473948524796,0.965603502188868,0.9657747355320473,0.9659020458772474,0.9662576687116564,0.9664019547953574,0.9665450121654501,0.9613293051359516,0.9607487922705314,0.9607724803862402,0.9607724803862402,0.9607961399276237,0.9611244019138756,0.9611708482676224,0.961217183770883,0.9612403100775194,0.9616971125515615,0.961764705882353,0.9618544600938967,0.9619660620245758,0.9623842592592593,0.9630261660978384,0.9634009009009009,0.964324917672887,0.9646739130434783,0.9648268398268398,0.9649595687331537,0.9649973074851912,0.9648562300319489,0.9650053022269353,0.9653906659674882,0.9655172413793104,0.965553235908142,0.9653029518384257,0.9653209109730849,0.9648760330578512,0.9649303764827231,0.9649303764827231,0.9650101419878296,0.9650632911392405,0.965080971659919,0.9654827413706853,0.9643211100099108,0.9638434868746905,0.9639861864824865,0.9635467980295567,0.9626168224299065,0.9626168224299065,0.9626902307314679,0.9627085377821394,0.9627085377821394,0.9627085377821394,0.9622363903874448,0.9622363903874448,0.9623287671232876,0.9618581907090464,0.9615758754863813,0.9619826756496631,0.9620192307692308,0.9620374819798174,0.9616122840690979,0.9617224880382775,0.9617590822179732
0.0,1.0,1.0,1.0,1.0,1.0,1.0,1.0,1.0,1.0,1.0,1.0,1.0,1.0,1.0,0.8,0.8382352941176471,0.8472222222222222,0.8493150684931506,0.8910891089108911,0.8952380952380953,0.9111111111111111,0.9121621621621622,0.8764044943820225,0.8717948717948718,0.8719211822660099,0.8169642857142857,0.8530465949820788,0.8540925266903915,0.8591065292096219,0.8619528619528619,0.8719512195121951,0.8861788617886179,0.887434554973822,0.8971291866028708,0.8990825688073395,0.8972602739726028,0.896328293736501,0.8993963782696177,0.900990099009901,0.9054820415879017,0.9121265377855887,0.912739965095986,0.9128919860627178,0.9134948096885813,0.9137931034482759,0.9169435215946844,0.9198717948717948,0.9222395023328149,0.9304589707927677,0.9329758713136729,0.9367088607594937,0.9370277078085643,0.939540507859734,0.9414519906323185,0.9419279907084785,0.9428571428571428,0.9444444444444444,0.9448732083792724,0.945054945054945,0.9454148471615721,0.949238578680203,0.9494949494949495,0.9496475327291037,0.9498997995991983,0.9521072796934866,0.9526515151515151,0.9527856468366384,0.9569707401032702,0.960127591706539,0.9594594594594594,0.9594594594594594,0.9597156398104265,0.9598108747044918,0.9599056603773585,0.9603356216628528,0.9628305932809149,0.9628571428571429,0.9634060520760028,0.9635854341736695,0.9640635798203179,0.9641379310344828,0.9642119752236752,0.9643835616438357,0.9645051194539249,0.9649595687331537,0.9650537634408602,0.965194109772423,0.9653564290473018,0.9661458333333334,0.9663648124191462,0.9667519181585678,0.9671302149178256,0.967150979153506,0.9671717171717171,0.9671717171717171,0.9678217821782178,0.968156766687079,0.9689366786140979,0.9689922480620154,0.9701321079839172,0.9701492537313433,0.9707207207207207,0.971677559912854,0.9716929776810016,0.9718004338394793,0.9718614718614719,0.9727891156462585,0.9728033472803347,0.9728175640355463,0.9728175640355463,0.972987012987013,0.972987012987013,0.972987012987013,0.972987012987013,0.9730150492994292,0.9730290456431535,0.9730290456431535,0.9731127197518097,0.9731127197518097,0.9731127197518097,0.9731543624161074,0.9733606557377049,0.9733879222108496,0.9734151329243353,0.9734151329243353,0.9734693877551021,0.9734829168791433,0.9735368956743002,0.9735368956743002,0.9735503560528993,0.9735503560528993,0.9735638027452974,0.9735638027452974,0.9735638027452974,0.973590655154901,0.9736708860759493,0.973697521497218,0.9732728189611699,0.9732728189611699,0.9732862903225806
0.0,1.0,1.0,1.0,1.0,1.0,1.0,1.0,1.0,1.0,1.0,1.0,1.0,1.0,0.9803921568627451,0.9726775956284153,0.9380530973451328,0.8972332015810277,0.9117647058823529,0.9302325581395349,0.9264367816091954,0.927437641723356,0.8860759493670886,0.8709677419354839,0.8713768115942029,0.8653846153846154,0.8728414442700158,0.8664688427299704,0.8716875871687587,0.8710562414266118,0.8631436314363143,0.8638814016172507,0.8651535380507344,0.8655126498002663,0.8781664656212304,0.8815943728018757,0.8815943728018757,0.8872767857142857,0.8899782135076253,0.8909287257019438,0.8911637931034483,0.8923240938166311,0.8934599156118144,0.8970438328236493,0.8985943775100401,0.899402390438247,0.901077375122429,0.9014634146341464,0.9021317829457365,0.9034416826003824,0.9052532833020638,0.9097408400357462,0.9137489325362937,0.9176854115729421,0.9182186234817814,0.9209083790133125,0.9240601503759398,0.9268645908761767,0.9276504297994269,0.9301038062283737,0.9302486187845304,0.9303928325292902,0.9342447916666666,0.9344155844155844,0.9371890547263682,0.938527084601339,0.938527084601339,0.9386018237082067,0.9389728096676737,0.9399881164587047,0.9405182567726738,0.9408318687756297,0.9410046728971962,0.9410391126678342,0.941073512252042,0.9411078717201167,0.9412790697674419,0.9413472706155633,0.9414492753623188,0.9424501424501425,0.9426136363636364,0.942711287577992,0.9432584269662921,0.9434806939003917,0.9437012263099219,0.9437952142459655,0.9438576987215119,0.9442912300055157,0.9445664105378705,0.9452277657266811,0.9455231930960086,0.9455818965517241,0.9456697149004841,0.9458445040214477,0.9459604066345639,0.946018172100481,0.9452709883103082,0.9453000531067446,0.9453580901856764,0.9453870625662778,0.9453870625662778,0.9454737956590789,0.9456464379947229,0.9451765946230891,0.9451765946230891,0.9451765946230891,0.9456635318704284,0.9456919060052219,0.9471276054905948,0.9471544715447154,0.9471813103098019,0.9476861167002012,0.9488188976377953,0.9491442542787286,0.9491939423546654,0.9492930277913213,0.949317738791423,0.9493670886075949,0.9494163424124513,0.9498553519768563,0.9500720115218435,0.9500720115218435,0.9500720115218435,0.9500959692898272,0.950143815915628,0.950143815915628,0.9508041627246925,0.9508274231678487,0.9509896324222432,0.9509896324222432,0.9510127178520961,0.9510588235294117,0.951288056206089,0.9508426966292135,0.9512987012987013,0.9513438368860055,0.9513438368860055,0.9513438368860055,0.9513438368860055,0.9513438368860055,0.9513438368860055
0.0,1.0,1.0,1.0,1.0,1.0,1.0,1.0,1.0,1.0,1.0,1.0,1.0,1.0,1.0,0.9202453987730062,0.8760330578512396,0.8697183098591549,0.864516129032258,0.8636363636363636,0.8582474226804123,0.8424821002386634,0.8400900900900901,0.8370044052863436,0.8498985801217038,0.8498985801217038,0.8498985801217038,0.8664259927797834,0.8760469011725294,0.8834645669291339,0.8634969325153374,0.8651515151515151,0.8640483383685801,0.8652694610778443,0.8654708520179372,0.8658718330849479,0.8658718330849479,0.8515950069348127,0.8520055325034578,0.853021978021978,0.853021978021978,0.86625,0.8715486194477791,0.8816371681415929,0.8820286659316428,0.8859275053304904,0.8862911795961743,0.8865323435843054,0.8856569709127382,0.8798165137614679,0.8792184724689165,0.8866666666666667,0.8854080791426217,0.8848684210526315,0.8870967741935484,0.8892405063291139,0.8896769109535066,0.8910505836575876,0.8917246713070379,0.8920585967617579,0.8843226788432268,0.8870728083209509,0.8871566443949518,0.8873239436619719,0.8874074074074074,0.893631910426872,0.8940766550522649,0.8996699669966997,0.8998022412656559,0.9022508038585209,0.9026888604353394,0.9026888604353394,0.9045825486503453,0.9049405878674172,0.9049405878674172,0.9049405878674172,0.9069197795468463,0.9069197795468463,0.9047887323943662,0.9048958919527293,0.9044406970207982,0.9066959385290889,0.9078091106290672,0.9084051724137931,0.910761154855643,0.9109947643979057,0.9092805005213764,0.9056701030927835,0.9057672502574665,0.9061056952283222,0.9068228105906314,0.9069649211997967,0.9071065989847715,0.9080402010050251,0.9091358024691358,0.9091806515301086,0.9088669950738916,0.9090909090909091,0.9091792132102963,0.9092673459485686,0.9092673459485686,0.9084745762711864,0.9094827586206896,0.9094827586206896,0.9094827586206896,0.9102137767220903,0.9102137767220903,0.9105960264900662,0.9105960264900662,0.9106805293005671,0.9106805293005671,0.9107648725212465,0.9108069844266163,0.910933081998115,0.9109750353273669,0.9110169491525424,0.9110588235294118,0.9110588235294118,0.9111006585136406,0.9111424541607899,0.9115996258185219,0.9116409537166901,0.9112564222326016,0.9113805970149254,0.9113805970149254,0.9114219114219114,0.9114219114219114,0.911504424778761,0.9118597138901707,0.9119003690036901,0.9120221096269,0.9121435142594296,0.9121435142594296,0.9119266055045872,0.9119266055045872,0.9119669876203577,0.9119669876203577,0.9119669876203577,0.9120073327222732,0.9120073327222732,0.9123287671232877
0.0,1.0,1.0,1.0,1.0,1.0,1.0,1.0,1.0,1.0,1.0,1.0,1.0,1.0,1.0,1.0,1.0,1.0,1.0,0.9455252918287937,0.9386973180076629,0.8923611111111112,0.8817891373801917,0.8368580060422961,0.8273195876288659,0.8349753694581281,0.8589473684210527,0.860125260960334,0.8638941398865785,0.891044776119403,0.8976157082748948,0.9009370816599732,0.9036458333333334,0.9076154806491885,0.9115890083632019,0.9128919860627178,0.9137931034482759,0.9139908256880734,0.9147727272727273,0.915445321307779,0.9176728869374314,0.9202975557917109,0.9229188078108942,0.9237029501525941,0.9250749250749251,0.9282296650717703,0.928842504743833,0.9311926605504587,0.9330985915492958,0.9358108108108109,0.9389558232931727,0.9405320813771518,0.9421613394216134,0.9417549167927383,0.9426656738644825,0.9421547360809833,0.9428571428571428,0.9428979300499644,0.9442508710801394,0.9449035812672176,0.9455411844792376,0.9459824442943957,0.946949602122016,0.9471947194719472,0.9472990777338604,0.948220064724919,0.9482535575679172,0.9483204134366925,0.9484203739522888,0.9490121096239643,0.9493350221659278,0.9496538703587162,0.9497802887633396,0.9499374217772215,0.950186799501868,0.9504587155963303,0.954443194600675,0.9549749861033908,0.9552980132450332,0.9553472987872106,0.9553472987872106,0.9554700384826827,0.9559782608695652,0.9561451001624256,0.9564047362755651,0.9564750134336378,0.9565450643776824,0.9566148901981789,0.9566148901981789,0.956661316211878,0.9567307692307693,0.9570747217806042,0.9574132492113565,0.9574579831932774,0.9574579831932774,0.9575249082328264,0.9575249082328264,0.9575694080670508,0.9575694080670508,0.9575694080670508,0.957613814756672,0.9576581285938317,0.9576581285938317,0.9578125,0.9578563995837669,0.9579002079002079,0.957922077922078,0.9580528223718281,0.9587155963302753,0.9587366276107998,0.9589249492900609,0.9589457678661936,0.9591115598182736,0.9591115598182736,0.9591527987897126,0.9591527987897126,0.9586693548387096,0.9586693548387096,0.9586901763224182,0.9587525150905433,0.9587525150905433,0.9587732528909,0.9588972431077695,0.9589178356713427,0.958958958958959,0.959,0.9590204897551224,0.9590204897551224,0.9590818363273453,0.9593657086223984,0.9593858345715701,0.9594460929772503,0.9597868217054264,0.9597868217054264,0.9597868217054264,0.9598257502420136,0.9600769600769601,0.9600769600769601,0.9600769600769601,0.9600769600769601,0.9600769600769601
0.0,0.0,1.0,1.0,1.0,1.0,1.0,1.0,1.0,1.0,1.0,1.0,0.9736842105263158,0.9574468085106383,0.9166666666666666,0.8986486486486487,0.9019607843137255,0.9090909090909091,0.8773584905660378,0.8839285714285714,0.869198312236287,0.8653061224489796,0.8945686900958466,0.8875379939209727,0.8649425287356322,0.8619718309859155,0.8756218905472637,0.8739130434782608,0.8832997987927566,0.8776699029126214,0.8733705772811918,0.8492201039861352,0.8564437194127243,0.8688293370944993,0.8695652173913043,0.8670360110803325,0.86593707250342,0.8675675675675676,0.8677248677248677,0.8715151515151515,0.8718562874251496,0.8712753277711561,0.872093023255814,0.8755656108597285,0.8824786324786325,0.8828541001064962,0.8834745762711864,0.8855359001040582,0.894937917860554,0.8971000935453695,0.8979591836734694,0.9011680143755616,0.9020480854853072,0.9032541776605101,0.9046793760831889,0.9073294018534119,0.9055183946488294,0.9072249589490968,0.9087237479806138,0.9087974172719936,0.9188218390804598,0.919054441260745,0.9198581560283688,0.9216909216909217,0.9221763085399449,0.9229720518064076,0.9238031018206339,0.9243641231593038,0.9248670212765957,0.9269081500646831,0.9290201005025126,0.9303329223181258,0.9324970131421745,0.9332545776727702,0.934757505773672,0.9347951529140219,0.9368715083798883,0.9360433604336044,0.9364224137931034,0.9365932294465341,0.9366272824919442,0.9372340425531915,0.9372340425531915,0.9372340425531915,0.9372674109516215,0.9374668786433492,0.9375991538868323,0.9375991538868323,0.9375991538868323,0.9380252100840336,0.9347258485639687,0.9351323300467047,0.9351323300467047,0.9351323300467047,0.9352331606217616,0.9356664951106536,0.9356995884773662,0.9356995884773662,0.9358974358974359,0.9358974358974359,0.9358974358974359,0.9359302921578677,0.9359302921578677,0.9364837398373984,0.9364837398373984,0.9365159979685119,0.9392023346303502,0.9392614188532555,0.9393203883495146,0.9394086282113427,0.9394673123486683,0.9394966118102613,0.9395258829221094,0.9395843402609957,0.9396135265700483,0.9387065637065637,0.938872970391595,0.938872970391595,0.9389312977099237,0.938960419647115,0.938960419647115,0.938960419647115,0.9389895138226882,0.9389895138226882,0.9389895138226882,0.939018580276322,0.939047619047619,0.9390934844192634,0.9391796322489392,0.9392082940622055,0.9392369288742346,0.9392655367231638,0.9397196261682244,0.9397759103641457,0.9397759103641457,0.9398320895522388,0.9398320895522388,0.9398320895522388,0.9398320895522388,0.9398601398601398,0.9398601398601398
