1.0,1.0,1.0,0.9999937476553707,0.9999937476553707,0.9999924971864449,0.9999899962485932,0.9999887457796673,0.9999862448418156,0.9999849943728898,0.9999837439039639,0.9999787420282606,0.9999787420282606,0.9999787420282606,0.9999787420282606,0.9999787420282606,0.9999774915593348,0.999976241090409,0.9999749906214831,0.9999749906214831,0.9999712392147055,0.9999699887457797,0.999967487807928,0.9999662373390021,0.9989371014130299,0.9972777291484307,0.9940352632237089,0.9901575590846567,0.9863511316743779,0.9834150306364887,0.9795510816556209,0.9749305989746154,0.9704276603726397,0.9665999749906214,0.9636876328623234,0.9592322120795298,0.9536976366137302,0.9511266725021883,0.9492197073902714,0.9458146805051895,0.9411504314117795
1.0,1.0,1.0,0.9999987495310741,0.9999974990621483,0.9999962485932224,0.9999949981242966,0.9999937476553707,0.999991246717519,0.9999874953107415,0.9999862448418156,0.9999837439039639,0.9999837439039639,0.9999812429661122,0.9999787420282606,0.9999749906214831,0.9999724896836314,0.9999724896836314,0.9999699887457797,0.999967487807928,0.999967487807928,0.9999624859322246,0.9999624859322246,0.9999612354632987,0.9989471051644366,0.9970726522445917,0.9952869826184819,0.9917231461798174,0.9875340752782293,0.9848868325622109,0.97916593722646,0.9741990746529948,0.9704039014630487,0.9675415780917844,0.9643503813930224,0.9626209828685757,0.9601688133049894,0.9574165311991997,0.9545141928223083,0.9537926722520945,0.9504414155308241
1.0,1.0,1.0,1.0,0.9999987495310741,0.9999974990621483,0.9999937476553707,0.9999924971864449,0.999991246717519,0.9999887457796673,0.9999887457796673,0.9999849943728898,0.9999837439039639,0.9999824934350381,0.9999812429661122,0.9999799924971865,0.9999787420282606,0.9999774915593348,0.999976241090409,0.9999724896836314,0.9999712392147055,0.9999712392147055,0.9998661998249343,0.9987782918594473,0.9967487807927973,0.9932149556083532,0.9901588095535826,0.9872377141428036,0.9831199199699887,0.9800337626609978,0.9769075903463799,0.9732212079529824,0.9698999624859322,0.9668963361260473,0.9632387145179442,0.9611541828185569,0.9582155808428161,0.9554307865449544,0.951726897586595,0.948780792797299,0.9468675753407528
1.0,0.9999974990621483,0.9999962485932224,0.999991246717519,0.9999899962485932,0.9999899962485932,0.9999862448418156,0.9999849943728898,0.9999849943728898,0.9999849943728898,0.9999824934350381,0.9999799924971865,0.999976241090409,0.9999724896836314,0.9999724896836314,0.9999699887457797,0.9999699887457797,0.9999699887457797,0.9999687382768538,0.9999687382768538,0.9999687382768538,0.9999662373390021,0.9999662373390021,0.9999649868700763,0.9991971989496061,0.997307740402651,0.9948255595848443,0.9920207577841691,0.989002125797174,0.9840940352632237,0.9798787045141928,0.9762873577591596,0.9731649368513192,0.9688158059272227,0.9662610979117169,0.9621858196823809,0.9565512067025135,0.9533124921845693,0.9521708140552707,0.9469376016006003,0.9451806927597849
1.0,1.0,1.0,0.9999962485932224,0.9999949981242966,0.9999949981242966,0.9999937476553707,0.9999937476553707,0.999991246717519,0.9999899962485932,0.9999862448418156,0.9999849943728898,0.9999824934350381,0.9999824934350381,0.9999812429661122,0.9999799924971865,0.9999774915593348,0.9999774915593348,0.9999774915593348,0.9999737401525572,0.9999724896836314,0.9999724896836314,0.9999724896836314,0.9995210704014005,0.9981305489558584,0.9951456796298612,0.9920245091909466,0.9882505939727397,0.9837389020882831,0.9798987120170064,0.9766074778041766,0.9725134425409528,0.9693047392772289,0.9650368888333125,0.9601925722145804,0.9560210078779542,0.9519244716768789,0.9492609728648244,0.9454045266975115,0.9424459172189571,0.9407490308865825
1.0,1.0,1.0,1.0,0.9999987495310741,0.9999987495310741,0.9999962485932224,0.9999962485932224,0.9999937476553707,0.9999899962485932,0.9999887457796673,0.9999862448418156,0.9999837439039639,0.9999837439039639,0.9999837439039639,0.9999799924971865,0.999976241090409,0.9999737401525572,0.9999699887457797,0.9999687382768538,0.9999662373390021,0.9999649868700763,0.9999649868700763,0.9999649868700763,0.9989371014130299,0.9956308615730899,0.992627235213205,0.9890133800175066,0.982569713642616,0.978543203701388,0.9736226084781793,0.9686782543453795,0.9655445792172065,0.9614392897336501,0.9560210078779542,0.9521545579592348,0.9486194823058647,0.9461197949230962,0.9435400775290734,0.9415243216206077,0.9397724146554958
1.0,1.0,0.9999987495310741,0.9999962485932224,0.9999949981242966,0.999991246717519,0.999991246717519,0.9999887457796673,0.9999874953107415,0.9999862448418156,0.9999849943728898,0.9999849943728898,0.9999849943728898,0.9999824934350381,0.9999824934350381,0.9999824934350381,0.9999799924971865,0.9999774915593348,0.9999774915593348,0.9999774915593348,0.9999774915593348,0.9999749906214831,0.9999724896836314,0.9992672252094535,0.9978829561085407,0.995278229336001,0.9903226209828686,0.9870776541202951,0.9816518694510441,0.9757709140927848,0.9716731274227836,0.9689145929723646,0.9627572839814931,0.9592109541077904,0.9570226334875578,0.9525397023883957,0.9501413029886208,0.9473740152557208,0.9448255595848443,0.9419569838689509,0.9405464549205952
1.0,1.0,0.9999987495310741,0.9999949981242966,0.9999949981242966,0.9999937476553707,0.999991246717519,0.9999899962485932,0.9999899962485932,0.9999874953107415,0.9999874953107415,0.9999837439039639,0.9999824934350381,0.9999824934350381,0.9999824934350381,0.9999824934350381,0.9999824934350381,0.9999812429661122,0.9999799924971865,0.9999774915593348,0.9999774915593348,0.9999749906214831,0.999844941853195,0.9988283106164811,0.9963398774540453,0.9927422783543829,0.9898311866950106,0.9853132424659248,0.9817994247842942,0.9768250593972739,0.9728198074277854,0.9682318369388521,0.9658897086407403,0.9620720270101288,0.9576828810804051,0.954763036138552,0.9514517944229086,0.9484519194698012,0.9455283231211704,0.9403838939602351,0.9374427910466425
1.0,1.0,1.0,0.9999974990621483,0.9999962485932224,0.9999949981242966,0.9999937476553707,0.9999937476553707,0.9999924971864449,0.9999899962485932,0.9999887457796673,0.9999887457796673,0.9999874953107415,0.9999862448418156,0.9999862448418156,0.9999862448418156,0.9999837439039639,0.9999824934350381,0.9999812429661122,0.9999799924971865,0.9999774915593348,0.999976241090409,0.999976241090409,0.9992272102038264,0.9968463173690134,0.9935138176816306,0.9904876828810804,0.9858884581718145,0.981971989496061,0.9798149305989746,0.9761010378892084,0.9731299237213955,0.9690208828310617,0.9649768663248718,0.9613767662873578,0.9574440415155684,0.9550831561835689,0.9525747155183194,0.9494610478929598,0.9457684131549331,0.9445517068900838
1.0,1.0,0.9999987495310741,0.9999949981242966,0.9999949981242966,0.9999949981242966,0.999991246717519,0.9999899962485932,0.9999899962485932,0.9999887457796673,0.9999874953107415,0.9999874953107415,0.9999862448418156,0.9999862448418156,0.9999862448418156,0.9999837439039639,0.9999824934350381,0.9999812429661122,0.9999812429661122,0.9999812429661122,0.9999787420282606,0.9999787420282606,0.9999787420282606,0.9994147805427035,0.9972277103913968,0.99420657746655,0.9898649493560085,0.9864924346629986,0.98323996498687,0.9781042891084156,0.9752432162060772,0.9718431911966987,0.968584469175941,0.9643278729523571,0.9614005251969489,0.9574052769788671,0.9535888458171814,0.9497186444916844,0.9483556333625109,0.9460985369513567,0.9430824059022134
