0.8867353119321624,0.8866552176987574,0.8877633711507293,0.8876723438767234,0.8876723438767234,0.8876723438767234,0.8876723438767234,0.8876723438767234,0.8876723438767234,0.8891145410235581,0.8913773796192609,0.8913773796192609,0.8931048551611587,0.8937429825456773,0.8947475986102595,0.8953880764904387,0.896029471960704,0.8973150235704038,0.8973150235704038,0.8975909789851358,0.8975909789851358,0.8978671041837571,0.900637728862374,0.9007303775331756,0.9029596782510054,0.903052805280528,0.9040784718637067,0.9045454545454545,0.9053872402026678,0.9058555762466377,0.9065120612899886,0.9107551487414187,0.9111342351716961,0.9119883345484845,0.9119883345484845,0.9119883345484845,0.9122733902896437,0.9133201209971837,0.9141783253288787,0.9144647519582245,0.9145602673908502,0.9159953970080552,0.9173389209009953,0.9221695629278568,0.9221695629278568,0.9231418028465999,0.9231418028465999,0.9235312730724607,0.9244087837837838,0.924506387921022,0.9246040126715945,0.9250924458531432,0.9254835641052743,0.9284275262432404,0.9310931518502765,0.9318859088974032,0.932282793867121,0.9325806795185856,0.9342723004694836,0.9342723004694836,0.9347710045905839,0.9352702414014099,0.9352702414014099,0.9357700117559047,0.9357700117559047,0.9357700117559047,0.9357700117559047,0.9357700117559047,0.939081939081939,0.9397874852420307,0.9400901868155465,0.9400901868155465,0.9412017628721918,0.9412017628721918,0.941809185758847,0.9421131913062191,0.9421131913062191,0.9421131913062191,0.9421131913062191,0.9470041098853559,0.9470041098853559,0.9509122502172024,0.9515322755922625,0.9520495813852343,0.9520495813852343,0.9522566612289287,0.9525674499564839,0.9528784416149745,0.9528784416149745,0.9535010345203093,0.9535010345203093,0.9535010345203093,0.9537087463239299,0.9538126361655773,0.9541244415386292,0.9541244415386292,0.9545404992913987,0.9547486642678007,0.9547486642678007,0.9547486642678007,0.9547486642678007,0.9559995632710995,0.9559995632710995,0.9568353185444214,0.9573584080472337,0.9573584080472337,0.9573584080472337,0.9575678040244969,0.9576725363666193,0.9576725363666193,0.9577772916210895,0.9579868708971554,0.9579868708971554,0.9580916949338002,0.9580916949338002,0.9581965419128913,0.9581965419128913,0.9585112205801861,0.9587211212088033,0.958826106000876,0.9589311137881941,0.9589311137881941,0.9589311137881941,0.9592462751971954,0.9592462751971954,0.9593513750410869,0.9594564979180363,0.9595616438356165,0.9596668128014029,0.9596668128014029,0.9596668128014029,0.959877219907915,0.959877219907915,0.959877219907915,0.959877219907915,0.959877219907915,0.959877219907915,0.959877219907915,0.959877219907915,0.959877219907915,0.9599824580638088,0.9599824580638088,0.9599824580638088,0.9599824580638088,0.9599824580638088,0.9600877192982457,0.9600877192982457,0.9600877192982457,0.9600877192982457,0.9600877192982457,0.9600877192982457
0.8846894315533489,0.8846894315533489,0.8846894315533489,0.8852908334179271,0.8852675398517617,0.8852675398517617,0.8852675398517617,0.8867080240008136,0.8871591371591372,0.8878818737270876,0.8885152348924895,0.8926085176085176,0.8926999078529743,0.8927913168134344,0.8930656560483458,0.8939813390751563,0.8944398851046369,0.8951745379876797,0.8952664544614437,0.8960945529290854,0.8960945529290854,0.8960945529290854,0.8960945529290854,0.8980327531156659,0.8984028851107676,0.9024945657799399,0.9026814370017601,0.9030554117037805,0.9043667669328908,0.9047421396700218,0.9050238737803612,0.9061525670338807,0.9061525670338807,0.9061525670338807,0.9072840790842872,0.9072840790842872,0.9079454337186296,0.9079454337186296,0.9085130770032301,0.9089866555462885,0.9089866555462885,0.9089866555462885,0.9089866555462885,0.9092710397330275,0.9095556019194659,0.9097454090150251,0.9097454090150251,0.9098403422727747,0.9098403422727747,0.9101252609603341,0.9101252609603341,0.9101252609603341,0.9101252609603341,0.9102202735149807,0.9102202735149807,0.9103153059093757,0.9103153059093757,0.9104103581497337,0.9106005221932115,0.9116478460895023,0.9116478460895023,0.9172979797979798,0.917877447883765,0.9183608975034235,0.9183608975034235,0.9206885626782131,0.9210776545166403,0.9210776545166403,0.9219543147208121,0.9225396825396825,0.9225396825396825,0.9226373161181077,0.9227349703640982,0.9229303408850307,0.9280391739408133,0.9288301725974856,0.9300192020482185,0.9305155299391611,0.9309129738387614,0.9315097766855434,0.9322070145423439,0.9329052969502408,0.9329052969502408,0.93310499839452,0.9332048811817598,0.9332048811817598,0.933304785354887,0.933304785354887,0.9334047109207709,0.9335046578862833,0.9336046262582994,0.9337046160436971,0.9337046160436971,0.9337046160436971,0.9337046160436971,0.9337046160436971,0.9338046272493573,0.9339046598821639,0.9340047139490036,0.9340047139490036,0.9341047894567663,0.9342048864123447,0.935307370453814,0.935307370453814,0.9354077253218884,0.9354077253218884,0.9354077253218884,0.9355081017276532,0.9355081017276532,0.9355081017276532,0.9355081017276532,0.9355081017276532,0.9355081017276532,0.9355081017276532,0.9355081017276532,0.9356084996780425,0.9356084996780425,0.9356084996780425,0.9356084996780425,0.9356084996780425,0.9356084996780425,0.9356084996780425,0.9356084996780425,0.9357089191799935,0.9357089191799935,0.9357089191799935,0.9357089191799935,0.9357089191799935,0.9357089191799935,0.9357089191799935,0.9357089191799935,0.9357089191799935,0.9357089191799935,0.9357089191799935,0.9357089191799935,0.9357089191799935,0.9357089191799935,0.9357089191799935,0.9357089191799935,0.9357089191799935,0.9357089191799935,0.9357089191799935,0.9357089191799935,0.9357089191799935,0.9357089191799935,0.9357089191799935,0.9357089191799935,0.9357089191799935,0.9357089191799935,0.9357089191799935,0.9357089191799935
0.884968242766408,0.8849334409035902,0.8859542602712002,0.8859542602712002,0.8858965272856131,0.8858387358184765,0.888159917990774,0.889108293494076,0.889108293494076,0.8904166666666666,0.8904166666666666,0.8904166666666666,0.8905094280654234,0.8908806670140699,0.8909735251198666,0.8925550798788765,0.8937682977833542,0.8937682977833542,0.8939552394896465,0.8956412405699916,0.8957350937860211,0.8957350937860211,0.8958289666736533,0.8962986264024326,0.898276586801177,0.8985598654472826,0.9012124406958355,0.9018780333403672,0.9022588135951024,0.9027352413137607,0.9027352413137607,0.9044545550735372,0.9047417442845047,0.9090715729022653,0.9094584530269177,0.9096520166010429,0.9101362862010222,0.9107180907734924,0.9117866666666666,0.9121758617009924,0.913052766502884,0.913931358922271,0.913931358922271,0.913931358922271,0.9144201968335472,0.9150074930421751,0.915203426124197,0.9157917291622028,0.9161843515541265,0.9161843515541265,0.9161843515541265,0.9164790393481291,0.9164790393481291,0.9173642412534879,0.9179553264604811,0.9183498066179631,0.9183498066179631,0.9185471738663228,0.9189421629757042,0.9191397849462366,0.9191397849462366,0.9196342119419042,0.9201291711517761,0.9203273040482343,0.9207238259370961,0.9210214416549941,0.9210214416549941,0.9210214416549941,0.9211206896551725,0.9211206896551725,0.9211206896551725,0.9212199590473111,0.9212199590473111,0.9213192498383272,0.9220148851256607,0.9222138310497356,0.9222138310497356,0.9222138310497356,0.9222138310497356,0.9226119805720453,0.9227115716753023,0.9227115716753023,0.9227115716753023,0.9227115716753023,0.9227115716753023,0.9227115716753023,0.9227115716753023,0.9227115716753023,0.9227115716753023,0.9227115716753023,0.9227115716753023,0.9227115716753023,0.9227115716753023,0.9227115716753023,0.9227115716753023,0.9227115716753023,0.9227115716753023,0.9227115716753023,0.9227115716753023,0.9227115716753023,0.9227115716753023,0.9227115716753023,0.9227115716753023,0.9227115716753023,0.9227115716753023,0.9227115716753023,0.9227115716753023,0.9227115716753023,0.9234093118720967,0.9234093118720967,0.9234093118720967,0.9234093118720967,0.9234093118720967,0.9234093118720967,0.9234093118720967,0.9234093118720967,0.9234093118720967,0.9234093118720967,0.9234093118720967,0.9234093118720967,0.9234093118720967,0.9234093118720967,0.9234093118720967,0.9234093118720967,0.9234093118720967,0.9234093118720967,0.9234093118720967,0.9234093118720967,0.9234093118720967,0.9234093118720967,0.9234093118720967,0.9234093118720967,0.9234093118720967,0.9234093118720967,0.9234093118720967,0.9234093118720967,0.9234093118720967,0.9234093118720967,0.9234093118720967,0.9234093118720967,0.9234093118720967,0.9234093118720967,0.9234093118720967,0.9234093118720967,0.9234093118720967,0.9234093118720967,0.9234093118720967,0.9234093118720967,0.9234093118720967,0.9234093118720967,0.9234093118720967
0.8886974151039027,0.8886974151039027,0.8889567430025446,0.8886606409202958,0.8886606409202958,0.8918806528745192,0.8923253150057274,0.8923253150057274,0.8923253150057274,0.8945165341146923,0.8945165341146923,0.8945165341146923,0.8945165341146923,0.8945165341146923,0.8946101517530088,0.8947974458285355,0.8962046550639547,0.8964866282118511,0.8964866282118511,0.8965806586951961,0.8965806586951961,0.8965806586951961,0.900832542944462,0.9013074652045551,0.9019731982694945,0.9029259533115032,0.9032121724429417,0.9035940803382664,0.9044545550735372,0.9048375145548851,0.9053166701969921,0.9062765055131468,0.9062765055131468,0.9065648531127373,0.9070458404074703,0.9070458404074703,0.9073346778473623,0.9073346778473623,0.9073346778473623,0.9079129049389273,0.9082022949426264,0.9082022949426264,0.9087816287476079,0.9089749042960442,0.9093617021276595,0.9095552245158545,0.9095552245158545,0.9096520166010429,0.9096520166010429,0.9099425164998936,0.9100393910358778,0.9102332020019167,0.9103301384451544,0.9106210716948971,0.9107180907734924,0.9107180907734924,0.9107180907734924,0.9111063739074824,0.9111063739074824,0.9111063739074824,0.9112034964289522,0.9112034964289522,0.9112034964289522,0.9112034964289522,0.9112034964289522,0.9112034964289522,0.9112034964289522,0.9112034964289522,0.9113006396588487,0.9162735849056604,0.9171584934005794,0.9171584934005794,0.920417833297437,0.9205169628432956,0.9209136946449736,0.9219070218962355,0.9219070218962355,0.9221059445463372,0.9221059445463372,0.9223049530592424,0.9223049530592424,0.9226036269430051,0.9226036269430051,0.9228028503562945,0.9228028503562945,0.9230021598272138,0.9231018468517118,0.9231018468517118,0.923592348427537,0.924691625189353,0.9262952525471494,0.9322570088360423,0.9329694323144104,0.9329694323144104,0.934295397398054,0.9344997266265719,0.9346019247594051,0.9349086533202057,0.9350109409190372,0.9370545015900866,0.9382892280663226,0.9389078123283155,0.9428445327154363,0.9435733215547704,0.945557153922762,0.9462901439645626,0.9462901439645626,0.9468144044321329,0.9468144044321329,0.9468144044321329,0.9471292396364442,0.9471292396364442,0.947339246119734,0.9474442842887238,0.9474442842887238,0.9474442842887238,0.9476544305201287,0.9554959185955496,0.9563514269725797,0.9571012544802867,0.957315706923594,0.9574229691876751,0.9582819333856678,0.9582819333856678,0.9584969153112731,0.9593578084652521,0.9594655288569504,0.9597888352240818,0.9597888352240818,0.9597888352240818,0.9598966524376544,0.9602202494662322,0.9602202494662322,0.9604361020568731,0.9605440647482014,0.9605440647482014,0.9605440647482014,0.9605440647482014,0.9680525659907103,0.9695903778509021,0.9710227272727273,0.9713538706377174,0.9714643019554343,0.9714643019554343,0.9719062784349408,0.9720168353998407,0.9720168353998407,0.9723486572598998,0.972459314897007,0.9725699977236513,0.9727914389799636
0.8802,0.8802,0.8802,0.8802,0.8802,0.8823824325679335,0.8823824325679335,0.8863819500402901,0.887991927346115,0.8881711748082358,0.8888888888888888,0.8888888888888888,0.8917713822456425,0.8920425747592499,0.8920425747592499,0.8922234614214742,0.8935824532900081,0.8943089430894309,0.8966782147951905,0.8970438328236493,0.8974097491331837,0.8974097491331837,0.8976843823319393,0.8986928104575164,0.8986928104575164,0.898876404494382,0.8993357179356157,0.8993357179356157,0.8997955010224948,0.9003478616738285,0.9003478616738285,0.9005321326238231,0.9005321326238231,0.9008086805200123,0.9008086805200123,0.9009931401658646,0.9010853983207044,0.9011776753712237,0.9013622861825259,0.9015469726462453,0.9016393442622951,0.9079653322327693,0.9084339836894807,0.9098428453267163,0.9099369248268018,0.9101251422070534,0.9105960264900662,0.9105960264900662,0.9110673982813956,0.9113504556752279,0.9113504556752279,0.9113504556752279,0.9113504556752279,0.9113504556752279,0.9113504556752279,0.9113504556752279,0.9122952519178934,0.9122952519178934,0.9122952519178934,0.9122952519178934,0.9122952519178934,0.9123898392949715,0.9123898392949715,0.9124844462878474,0.9125790729026236,0.9126737191454055,0.9126737191454055,0.9126737191454055,0.9127683850223006,0.9128630705394191,0.9128630705394191,0.9129577757028737,0.9129577757028737,0.9129577757028737,0.9129577757028737,0.9129577757028737,0.9129577757028737,0.9129577757028737,0.9131472449932552,0.9131472449932552,0.9131472449932552,0.9131472449932552,0.9131472449932552,0.9131472449932552,0.9131472449932552,0.9131472449932552,0.9131472449932552,0.9131472449932552,0.9131472449932552,0.9131472449932552,0.9131472449932552,0.9131472449932552,0.9131472449932552,0.9131472449932552,0.9131472449932552,0.9131472449932552,0.9131472449932552,0.9131472449932552,0.9131472449932552,0.9131472449932552,0.9131472449932552,0.9131472449932552,0.9131472449932552,0.9131472449932552,0.9131472449932552,0.9131472449932552,0.9131472449932552,0.9131472449932552,0.9131472449932552,0.9131472449932552,0.9131472449932552,0.9131472449932552,0.9131472449932552,0.9131472449932552,0.9131472449932552,0.9131472449932552,0.9131472449932552,0.9131472449932552,0.9131472449932552,0.9131472449932552,0.9131472449932552,0.9131472449932552,0.9131472449932552,0.9131472449932552,0.9131472449932552,0.9131472449932552,0.9131472449932552,0.9131472449932552,0.9131472449932552,0.9131472449932552,0.9131472449932552,0.9131472449932552,0.9131472449932552,0.9131472449932552,0.9131472449932552,0.9131472449932552,0.9131472449932552,0.9131472449932552,0.9131472449932552,0.9131472449932552,0.9131472449932552,0.9131472449932552,0.9131472449932552,0.9131472449932552,0.9131472449932552,0.9131472449932552,0.9131472449932552,0.9131472449932552,0.9131472449932552,0.9131472449932552,0.9131472449932552
0.8802,0.8867135719384114,0.8868039975525188,0.8878514262261441,0.8884992264053636,0.8892808965445678,0.889269406392694,0.8897310767313882,0.890194447332848,0.8904722280008321,0.8904722280008321,0.8904722280008321,0.8904722280008321,0.8904722280008321,0.8904722280008321,0.8939124986947896,0.8939124986947896,0.8939124986947896,0.89494041396613,0.8950339780449555,0.8955020920502093,0.89568947478552,0.9000210260723297,0.9003049742349353,0.9014425608086765,0.9022025503214248,0.9029638223816053,0.9039172209903917,0.9039172209903917,0.9042991443963241,0.9042991443963241,0.9050639602494979,0.9050639602494979,0.9061176968670618,0.9066934971404363,0.9072700296735905,0.9076547921967769,0.9078472958642629,0.9079435783221975,0.9079435783221975,0.908136204518935,0.908136204518935,0.908136204518935,0.9127838788783452,0.9130759385665529,0.9137581385420002,0.9146367521367521,0.9162029109589042,0.916889793295491,0.9175777063236871,0.9181681681681682,0.9181681681681682,0.9181681681681682,0.9199441220717817,0.9203397118899161,0.9206366275943649,0.9224221527852602,0.9263146505085479,0.9275189599133261,0.928122289679098,0.9282229209584734,0.928424248996855,0.928424248996855,0.928424248996855,0.928424248996855,0.9290287574606619,0.9294322006296819,0.9299369976102542,0.9305434782608696,0.9306446352864441,0.9312520395953443,0.9315560391730141,0.9317588158467567,0.9321646341463414,0.93246922993138,0.9356213793857252,0.9364402144185537,0.9370552818828681,0.9383907037930278,0.9414870215574132,0.9427312775330396,0.9431467606875276,0.943458613468533,0.943458613468533,0.9435626102292769,0.9437706725468578,0.9447080896148328,0.9514282538623986,0.9526989426822482,0.9533355607528678,0.9535479558872675,0.9537604456824512,0.9537604456824512,0.9543984836659606,0.9546113527378164,0.95471782288646,0.955037375878612,0.955037375878612,0.9555704398303193,0.9557838320678874,0.9562109025915997,0.9564245810055866,0.9566383549396513,0.9569591950810509,0.9574944071588367,0.9576015214229779,0.9577086596554039,0.9577086596554039,0.9579230080572964,0.9580302182428652,0.9581374524289232,0.9583519928347515,0.9583519928347515,0.9587813620071685,0.9588887644225383,0.9591036414565827,0.9650507328072153,0.9662490123038717,0.9675596247315474,0.9681067631757521,0.9682162651283791,0.9692028985507246,0.969861772037163,0.9701915448260229,0.9701915448260229,0.9701915448260229,0.9709618874773139,0.9711822101202632,0.971843778383288,0.971843778383288,0.9720645014762662,0.9720645014762662,0.9720645014762662,0.9720645014762662,0.9720645014762662,0.9720645014762662,0.9720645014762662,0.9721749006246451,0.9723957741678974,0.9723957741678974,0.9725062485798682,0.9725062485798682,0.9725062485798682,0.9727272727272728,0.9727272727272728,0.9727272727272728,0.9727272727272728,0.9727272727272728,0.9727272727272728,0.9727272727272728,0.9727272727272728
0.8820579681075118,0.8830385852090032,0.8830385852090032,0.8830385852090032,0.8832763131414771,0.88335346215781,0.88335346215781,0.88335346215781,0.88335346215781,0.8875733657154422,0.8875733657154422,0.8884724473257699,0.8885624556782494,0.8889226715313672,0.8909090909090909,0.8909090909090909,0.8933591362803015,0.8937232524964337,0.8954568657478306,0.8954568657478306,0.899220832478983,0.899220832478983,0.899220832478983,0.8994052502050861,0.9006982953378517,0.9008833196384552,0.9010684199712349,0.9010684199712349,0.9045065484170361,0.9046931407942238,0.9047864658551682,0.9051599587203303,0.9067507495089424,0.9067507495089424,0.9069382690518044,0.9075012933264356,0.9075012933264356,0.9075012933264356,0.911083411239223,0.9113674147963424,0.9115568488879651,0.9117463617463617,0.9127900926215007,0.9147893199833125,0.9147893199833125,0.915075639019301,0.9161270106538542,0.9161270106538542,0.9162227097043769,0.917468619246862,0.9186217008797654,0.9201636592530423,0.9201636592530423,0.9210332878294655,0.9219045616985495,0.9224863273033235,0.9224863273033235,0.9232631578947369,0.9238466399831472,0.9245283018867925,0.9249182748075504,0.9249182748075504,0.9266772319070259,0.9267751479289941,0.9273630788750264,0.9280499418051,0.9290329414256965,0.9294267245946806,0.929820841725856,0.9304126445316644,0.9307088285229203,0.9307088285229203,0.9363723710899968,0.9366723622383597,0.9369725456681979,0.9376737224716699,0.9384763535202225,0.93928035982009,0.9396828797943004,0.94028730703259,0.9403881205103463,0.9403881205103463,0.9406906906906907,0.9472945242466789,0.9478063540090772,0.9485238455715367,0.9489343286811641,0.9496535296665223,0.9501679124688549,0.9506828528072838,0.9532659493533312,0.9537842540234884,0.9537842540234884,0.9552385101285124,0.9584744836629876,0.9603635169166758,0.9608895705521472,0.9608895705521472,0.9608895705521472,0.9612054794520548,0.9614162008111367,0.9619434086422461,0.9623655913978495,0.9629995608256477,0.9632110696244235,0.9635285070855761,0.9641640101132242,0.964482076094128,0.9652250467701111,0.9653312788906009,0.9655438132981066,0.9660755589822668,0.9661819784093413,0.9667144274220214,0.9669275713813251,0.967247463608293,0.9674608427090228,0.9675675675675676,0.9676743159752869,0.9679947025714601,0.9682084115244508,0.9682084115244508,0.9683153013910355,0.9685291519434629,0.9685291519434629,0.9688501049375897,0.9688501049375897,0.9690641918020109,0.9691712707182321,0.9694926494970708,0.969921486232445,0.9700287547002876,0.9701360468974671,0.9702433628318584,0.9703507025113397,0.9703507025113397,0.9704580659437929,0.9704580659437929,0.9706728640991589,0.9707802988378528,0.9708877573610804,0.9708877573610804,0.9709952396767408,0.9711027457927369,0.9712102757169748,0.9712102757169748,0.9713178294573643,0.9714254070218186,0.9717482827387547,0.9718559556786703,0.9720713731574864
0.880957148578294,0.880957148578294,0.8809452287974366,0.8809452287974366,0.8809452287974366,0.8848436085688424,0.8853778806480829,0.8856452587074694,0.8867163878250353,0.889945377301234,0.8902155216027522,0.8902155216027522,0.8903056061526007,0.893288658747081,0.8950152594099695,0.8950152594099695,0.8950152594099695,0.8990394441038217,0.8994990287291688,0.8994990287291688,0.8999590834697218,0.9000511508951407,0.9013420756070075,0.9022664342118757,0.9026367087308915,0.9026367087308915,0.9030072872831777,0.9030072872831777,0.9033781702433514,0.9043067118922808,0.9043067118922808,0.9046786632390745,0.905423484614593,0.905982905982906,0.905982905982906,0.906636438582028,0.9072909147158915,0.9076653254926236,0.9080400454123233,0.9080400454123233,0.9080400454123233,0.9083212884575677,0.9083212884575677,0.9083212884575677,0.9093540051679586,0.9100124120810923,0.9113320903252538,0.9124662933001452,0.9168403501458942,0.9171270718232044,0.9174139728884254,0.9174139728884254,0.917796786981014,0.917796786981014,0.917796786981014,0.9180841072732965,0.9183716075156576,0.918563374399666,0.9186592878772059,0.9196195254520748,0.9196195254520748,0.9202928870292887,0.920678107994977,0.9207744636316065,0.9207744636316065,0.9211600879489059,0.9214495182237118,0.9214495182237118,0.9216425728053635,0.9216425728053635,0.9220289247537204,0.9220289247537204,0.9221255633581386,0.9222222222222223,0.9223189013523431,0.9224156007548753,0.9225123204361959,0.9226090604026845,0.9228994020769957,0.9228994020769957,0.9230930647361242,0.923189926547744,0.923189926547744,0.923189926547744,0.923189926547744,0.9233837111670865,0.9233837111670865,0.9233837111670865,0.9303161679179444,0.9310052910052911,0.9317941114170727,0.9320902637991313,0.9326831336796353,0.9326831336796353,0.9330787994485099,0.933474801061008,0.933672927942269,0.9339702760084926,0.9340694341225183,0.9342678135287247,0.934664825241687,0.934664825241687,0.9348634576559346,0.9348634576559346,0.940861939899476,0.9425755303192629,0.9425755303192629,0.9432829419963547,0.9435864435864436,0.9436876541885659,0.9439914163090128,0.9448024054982818,0.9453099817341786,0.9453099817341786,0.945716435558422,0.9458181036336272,0.9462249946224994,0.9465303926842389,0.9465303926842389,0.9465303926842389,0.9465303926842389,0.9465303926842389,0.950507888480657,0.9548415110725141,0.9551525681398632,0.9561908903141646,0.957023174844957,0.9576483396842679,0.9577526132404182,0.9580655701993247,0.9582743218215491,0.9583787317498366,0.9585876198779425,0.9585876198779425,0.9585876198779425,0.958692098092643,0.959005669428696,0.966381015161503,0.9678697183098591,0.9682959048877147,0.9688291662077322,0.9693630152082874,0.9695767195767195,0.970432480141218,0.9705395564382655,0.9705395564382655,0.9709680980240645,0.9709680980240645,0.9710752925590638,0.971182510765154,0.9713970182219768
0.8802,0.8802,0.8802,0.8858761634965601,0.8858761634965601,0.8858761634965601,0.8865937626569461,0.8870428528011346,0.887402452619844,0.8883027290250584,0.8883027290250584,0.8883027290250584,0.8913773796192609,0.8913773796192609,0.8945647731916633,0.8950219768987018,0.8952049892649013,0.8954796481898138,0.8962128966223132,0.8962128966223132,0.8965799713291009,0.896763621466612,0.8976830018453967,0.8976830018453967,0.8981433993230075,0.8981433993230075,0.8987887497433792,0.8991579379749435,0.8991579379749435,0.8994350282485876,0.8994350282485876,0.8996198499948629,0.899989721451331,0.9003598971722365,0.9005450992492029,0.9005450992492029,0.9007303775331756,0.9007303775331756,0.9007303775331756,0.9009157320712008,0.9010084379501955,0.9010084379501955,0.9011011629103632,0.9011939069575957,0.9011939069575957,0.901286670097787,0.901286670097787,0.901286670097787,0.901286670097787,0.901286670097787,0.901286670097787,0.901286670097787,0.901286670097787,0.901286670097787,0.901286670097787,0.901286670097787,0.901286670097787,0.901286670097787,0.901286670097787,0.901286670097787,0.901286670097787,0.901286670097787,0.901286670097787,0.901286670097787,0.901286670097787,0.901286670097787,0.901286670097787,0.901286670097787,0.901286670097787,0.901286670097787,0.901286670097787,0.901286670097787,0.901286670097787,0.901286670097787,0.901286670097787,0.9013794523368335,0.9013794523368335,0.9013794523368335,0.9013794523368335,0.9013794523368335,0.9013794523368335,0.9013794523368335,0.9013794523368335,0.9013794523368335,0.9013794523368335,0.9013794523368335,0.9013794523368335,0.9013794523368335,0.9013794523368335,0.9013794523368335,0.9013794523368335,0.9013794523368335,0.9013794523368335,0.9013794523368335,0.9013794523368335,0.9013794523368335,0.9013794523368335,0.9013794523368335,0.9013794523368335,0.9013794523368335,0.9013794523368335,0.9013794523368335,0.9013794523368335,0.9013794523368335,0.9013794523368335,0.9013794523368335,0.9013794523368335,0.9013794523368335,0.9013794523368335,0.9013794523368335,0.9013794523368335,0.9013794523368335,0.9013794523368335,0.9013794523368335,0.9013794523368335,0.9013794523368335,0.9013794523368335,0.9013794523368335,0.9013794523368335,0.9013794523368335,0.9013794523368335,0.9013794523368335,0.9013794523368335,0.9013794523368335,0.9013794523368335,0.9013794523368335,0.9013794523368335,0.9013794523368335,0.9013794523368335,0.9013794523368335,0.9013794523368335,0.9013794523368335,0.9013794523368335,0.9013794523368335,0.9013794523368335,0.9013794523368335,0.9013794523368335,0.9013794523368335,0.9013794523368335,0.9013794523368335,0.9013794523368335,0.9013794523368335,0.9013794523368335,0.9013794523368335,0.9013794523368335,0.9013794523368335,0.9013794523368335,0.9013794523368335,0.9013794523368335,0.9013794523368335,0.9013794523368335
0.8802,0.8802,0.8802,0.8802,0.8813338674143801,0.8815987178202945,0.8869293560415197,0.8869293560415197,0.8885411408379607,0.888989898989899,0.888989898989899,0.8895290074792803,0.8895290074792803,0.8895290074792803,0.890158794376454,0.890158794376454,0.8903388973191705,0.8906091884233961,0.8906091884233961,0.8907894736842106,0.891601661432479,0.8919631093544137,0.8965973920130399,0.8972372311142828,0.8972372311142828,0.8976948184414525,0.89824453970198,0.8998057458337593,0.8998057458337593,0.9004501739308369,0.9004501739308369,0.9010955257499744,0.9010955257499744,0.9012800819252432,0.9012800819252432,0.9012800819252432,0.901372388365424,0.901372388365424,0.9014647137150466,0.9016494211658641,0.9016494211658641,0.9016494211658641,0.9083496748890494,0.9086310138344001,0.9086310138344001,0.908912527109367,0.9096640826873384,0.9101344364012409,0.9106052767718572,0.9108880149037466,0.9111709286675639,0.9111709286675639,0.9111709286675639,0.9111709286675639,0.9157215690354802,0.917057413775138,0.9181097433757563,0.9189725383731857,0.9191644908616188,0.920125457396759,0.920125457396759,0.920510406861207,0.9206066945606695,0.9210884353741496,0.9210884353741496,0.9214741911841692,0.9214741911841692,0.9214741911841692,0.9218602702419608,0.9220534311157674,0.9223433242506812,0.9228268847646011,0.9230204509701101,0.9230204509701101,0.9235047219307451,0.9235047219307451,0.9236016371077762,0.9236016371077762,0.9236016371077762,0.9236985726280437,0.9236985726280437,0.9237955284979532,0.9237955284979532,0.9237955284979532,0.9237955284979532,0.9237955284979532,0.9237955284979532,0.9237955284979532,0.9237955284979532,0.9237955284979532,0.9237955284979532,0.9237955284979532,0.9237955284979532,0.9237955284979532,0.9237955284979532,0.9237955284979532,0.9237955284979532,0.9237955284979532,0.9237955284979532,0.9237955284979532,0.9237955284979532,0.9237955284979532,0.9237955284979532,0.9237955284979532,0.9237955284979532,0.9237955284979532,0.9237955284979532,0.9237955284979532,0.9237955284979532,0.9242806133165301,0.9242806133165301,0.9242806133165301,0.9242806133165301,0.9242806133165301,0.9242806133165301,0.9242806133165301,0.9242806133165301,0.9242806133165301,0.9242806133165301,0.9242806133165301,0.9242806133165301,0.9242806133165301,0.9242806133165301,0.9242806133165301,0.9242806133165301,0.9242806133165301,0.9242806133165301,0.9242806133165301,0.9242806133165301,0.9242806133165301,0.9242806133165301,0.9242806133165301,0.9242806133165301,0.9242806133165301,0.9243776914189686,0.9244747899159664,0.9244747899159664,0.9244747899159664,0.9244747899159664,0.9244747899159664,0.9244747899159664,0.9244747899159664,0.9244747899159664,0.9244747899159664,0.9244747899159664,0.9244747899159664,0.9244747899159664,0.9244747899159664,0.9244747899159664,0.9244747899159664,0.9244747899159664
