1.0,0.6180355472404117,0.19198004365450577,0.09277206111630808,0.06655441222326161,0.07915185531649517,0.07506080449017774,0.07806672903024633,0.08999064546304958,0.10280012472715934,0.11454942313688805,0.12270657935765512,0.13349547864047395,0.14111630807608358,0.1572061116308076,0.16868101028999063,0.18328656064858123,0.19275335204240723,0.2032179607109448,0.21332086061739944,0.22213907078266293,0.23065793576551294,0.23918927346429686,0.24724664795759277,0.25444340505144997,0.26277517929529154,0.2705207358902401,0.27937636420330525,0.2873589024009978,0.2958278765201123,0.3044839413782351,0.3139008419083255,0.32314312441534143,0.3307015902712816,0.33741191144371685,0.3437355784222014,0.3508450265045214,0.3578546928593701,0.3662987215466168,0.3753040224508887,0.38248830682881196,0.39043342687870286,0.025693794823822887,0.026304957904583724,0.02689117555347677,0.027452447770502028,0.028051138135328967,0.02862488306828812,0.029173682569379484,0.029797318366074212,0.03033364515123168,0.42208917991892736,0.42575615840349235,0.03225444340505145,0.4480698472092298,0.4500904271905207,0.44591206735266603,0.035871531025880886,0.45767383847832865,0.10503274087932647,0.4634237605238541,0.3047583411287808,0.5448082319925164,0.4762207670720299,0.3035110695353913,0.4656189585282195,0.20898035547240412,0.49168693483005926,0.49697536638603057,0.1484128468974119,0.5056314312441534
1.0,0.7344808231992517,0.21359526036794513,0.09656376676021204,0.07181789834736514,0.0878827564702214,0.08659806672903024,0.09680074836295603,0.10609292173370752,0.12180854381041471,0.12377923292797006,0.1387464920486436,0.15296538821328345,0.165562831306517,0.17924540068599937,0.18755222949797318,0.19574680386654195,0.20851886498285002,0.22328656064858124,0.23519800436545057,0.24748362956033676,0.25582787652011224,0.26548175865294665,0.27366386030558154,0.28189585282195195,0.2876707202993452,0.2980355472404116,0.305444340505145,0.3124415341440599,0.3202993451824135,0.32818210165263484,0.33628936700966633,0.34455877767383847,0.3522669161209853,0.35850327408793264,0.3662363579669473,0.3735952603679451,0.3806672903024634,0.3868163392578734,0.39126909884627376,0.4009105082631743,0.4317555347676957,0.02580604926722794,0.026367321484253196,0.026941066417212348,0.02760212036170876,0.028163392578734018,0.02878702837542875,0.029410664172123478,0.029959463673214844,0.14459619582164016,0.4361209853445588,0.44205799812909263,0.44728406610539445,0.4529466791393826,0.45889616463985033,0.46276270657935764,0.46780168381665105,0.4682382288743374,0.47562207670720297,0.4802619270346118,0.48435297786092923,0.03709385718740256,0.4925101340816963,0.4962020579981291,0.5008793264733395,0.11661989398191457,0.0397754911131899,0.04828188338010602,0.5151855316495166,0.519875272840661
1.0,0.615029622700343,0.1313501714998441,0.10306205176177112,0.08419083255378859,0.07463673214842532,0.0816214530714063,0.08959151855316495,0.0945806049267228,0.09637667602120362,0.10670408481446834,0.11658247583411288,0.12128468974119115,0.13208606173994386,0.14352354225132521,0.15474898659183037,0.16250701590271283,0.17606485812285624,0.18438415965076396,0.20142188961646398,0.21322107888992828,0.22377299657000313,0.23043342687870283,0.24193327096975367,0.2508512628624883,0.2619020891799189,0.27148113501715,0.28276894293732463,0.2933956969130028,0.30201434362332397,0.3083879014655441,0.31706891175553475,0.32536326785157466,0.3330090427190521,0.340467726847521,0.3475272840661054,0.3543623323978796,0.36042407234175244,0.37028999064546303,0.3785344558777674,0.3855316495166823,0.391244153414406,0.39637043966323665,0.4015590894917368,0.026990957280947928,0.02756470221390708,0.028175865294667913,0.028687246647957593,0.029211100717181165,0.029784845650140317,0.03035859058309947,0.030994699095728096,0.42275023386342375,0.43082008107265357,0.4374056750857499,0.4432678515746804,0.033426878702837545,0.4538571874025569,0.45885874649204866,0.4625631431244153,0.40429061428125973,0.47069535391331463,0.45786092921733706,0.475971312753352,0.037954474586841286,0.3658122856251949,0.48987839101964453,0.4934081696289367,0.49747427502338637,0.040636108512628624,0.04120985344558778
1.0,1.0,0.01727471156844403,0.042531961334580606,0.04818210165263486,0.06304957904583723,0.06778921110071719,0.07155597131275335,0.08284377923292797,0.0968755846585594,0.10508263174306205,0.10907390084190832,0.11806672903024634,0.13090115372622388,0.14902400997817275,0.1581789834736514,0.16335516058621766,0.17399438727782976,0.18302463361396945,0.19230433426878704,0.20175865294667913,0.21050202681633925,0.22020579981290925,0.22902400997817274,0.23777985656376677,0.2507764265668849,0.26100405363267853,0.26792641097599,0.2748861864671032,0.2832927970065482,0.28935453695042096,0.2945681322107889,0.30115372622388525,0.3084377923292797,0.31705643903960085,0.32470221390707826,0.3313127533520424,0.33983161833489245,0.34647957592765827,0.3548487683193015,0.36335516058621764,0.37143748051138137,0.3784471468662301,0.026417212347988776,0.026953539133146243,0.027577174929840974,0.02813844714686623,0.028724664795759275,0.029323355160586217,0.02987215466167758,0.030458372310570626,0.3424508886810103,0.2328281883380106,0.41766136576239477,0.4240099781727471,0.03307764265668849,0.4336014967259121,0.36236981602743995,0.44568755846585595,0.44826941066417214,0.03569691300280636,0.03624571250389772,0.4584845650140318,0.3373370751481135,0.37677580293108826,0.4647458684128469,0.4226629248518865,0.046086685375740566,0.46535703149360774,0.04043654505768631,0.4908512628624883
1.0,0.6326161521671344,0.16656064858122857,0.09718740255690676,0.07040848144683505,0.0836919239164328,0.0927096975366386,0.09244777050202682,0.09239787963829124,0.09297162457125038,0.10112878079201747,0.1068288119738073,0.11366386030558154,0.12583723105706268,0.1399189273464297,0.15342687870283755,0.1639663236669785,0.17419395073277205,0.18629248518864983,0.19609603991269098,0.20616152167134394,0.2170751481135017,0.22989710009354536,0.23867789211100718,0.25078889928281883,0.26233863423760523,0.26815091986280015,0.27716869348300593,0.28657312129716245,0.2959027128157156,0.30391019644527595,0.3127408793264733,0.32229497973183663,0.3308512628624883,0.3391580916744621,0.3482132834424696,0.3553601496725912,0.36195821640162146,0.3681821016526349,0.3741440598690365,0.3823386342376052,0.38942313688805735,0.40825693794823825,0.02637979420018709,0.026978484565014033,0.02756470221390708,0.02813844714686623,0.028724664795759275,0.029285937012784535,0.029822263797942002,0.030371063299033364,0.0309822263797942,0.42556906766448394,0.4256064858122856,0.430408481446835,0.4363704396632367,0.03355160586217649,0.21303398815091987,0.4522232616152167,0.4562270034299969,0.4337137511693171,0.4654069223573433,0.37159962581852196,0.47523542251325224,0.47987527284066106,0.48289367009666356,0.36286872466479575,0.4918740255690677,0.040374181478016836,0.4988961646398503,0.041509198628001245
1.0,0.7281821016526349,0.17052697224820704,0.14341128780792017,0.09927034611786717,0.0841534144059869,0.08765824758341129,0.10186467103211724,0.115622076707203,0.12472715933894606,0.124851886498285,0.1322606797630184,0.14137823511069536,0.1502837542874961,0.16122232616152168,0.16749610227627065,0.17726223885251013,0.1870408481446835,0.19731836607421266,0.21283442469597755,0.22459619582164017,0.23299033364515123,0.24377923292797007,0.2562519488618647,0.26535703149360773,0.2761085126286249,0.2853009042719052,0.29420642344870596,0.30366074212659805,0.31251637043966324,0.319763018397256,0.3276707202993452,0.3351792952915497,0.3406049267227939,0.3482631743062052,0.3550358590583099,0.36473963205487997,0.3710882444652323,0.37934518241347054,0.4192329279700655,0.42000623635796697,0.024957904583723104,0.025531649516682256,0.026105394449641408,0.026691612098534455,0.027240411599625817,0.02781415653258497,0.028338010601808544,0.028974119114437168,0.04530090427190521,0.2320798253819769,0.42559401309635175,0.43176800748362953,0.20089803554724042,0.439526036794512,0.03267851574680387,0.4272029934518241,0.0337511693171188,0.4561646398503274,0.4345120049890864,0.03544745868412847,0.20218272528843156,0.2358341128780792,0.4773058933582788,0.4807483629560337,0.3131025880885563,0.49161209853445587,0.49640162145307143,0.5009791082008107,0.5049454318677892,0.26328656064858125
1.0,0.5204989086373558,0.11982538197692548,0.08450265045213595,0.060904271905207356,0.07547240411599626,0.08801995634549423,0.09151231680698473,0.09607733083879015,0.10016838166510758,0.1167570938571874,0.12607421265980667,0.1334331150608045,0.14533208606173995,0.15251637043966323,0.15988774555659496,0.16611163080760835,0.17371998752728407,0.18343623323978797,0.19393826005612722,0.2039289055191768,0.21256002494543186,0.22023074524477704,0.23080760835671968,0.24306828811973807,0.250526972248207,0.2589585282195198,0.2700467726847521,0.27992516370439663,0.2882943560960399,0.2991456189585282,0.3054692859370128,0.31180542563143127,0.32032429061428125,0.32750857499220454,0.33545369504209543,0.34303710632990336,0.3500093545369504,0.3586529466791394,0.3660118490801372,0.3736825693794824,0.3820018709073901,0.4141814780168382,0.02640473963205488,0.026990957280947928,0.02756470221390708,0.028163392578734018,0.02876208294356096,0.029323355160586217,0.029909572809479264,0.17910820081072654,0.27577174929840975,0.4179981290926099,0.41949485500467726,0.03257873401933271,0.07183037106329904,0.44329279700654817,0.15602120361708763,0.03476145930776427,0.45539133146242594,0.4587340193327097,0.08078578110383536,0.46376052385406924,0.26039289055191767,0.47070782662924854,0.4738010601808544,0.4777299657000312,0.19426255067040848,0.48662301216089804,0.45028999064546305,0.4954661677580293
1.0,0.5888618646710321,0.16033676333021515,0.07024633613969442,0.06786404739632054,0.07315247895229186,0.06674150296227004,0.07610851262862488,0.0797505456813221,0.09012784533832242,0.1005799812909261,0.1114437168693483,0.1209229809791082,0.12957904583723107,0.13531649516682256,0.14376052385406923,0.15506080449017773,0.1625693794823823,0.17232304334268786,0.18550670408481446,0.1974680386654194,0.2088057374493296,0.21837231057062675,0.22850015590894918,0.2391144371686935,0.25164951668225755,0.26186467103211725,0.27471156844402866,0.2823074524477705,0.2899158091674462,0.299644527595884,0.3089741191144372,0.31782974742750236,0.3235048331774244,0.3323479887745557,0.3405425631431244,0.3481384471468662,0.35462425943249143,0.3654879950109136,0.3741315871531026,0.38177736202058,0.38943560960399126,0.39503585905830996,0.3352790770190209,0.026903648269410663,0.027427502338634238,0.02802619270346118,0.028550046772684752,0.02916120985344559,0.02973495478640474,0.03035859058309947,0.035023386342376055,0.4154162768942937,0.4256688493919551,0.4229622700343,0.03517305893358279,0.4420829435609604,0.03423760523854069,0.31734331150608047,0.38739008419083254,0.4619644527595884,0.46644215777985654,0.47231680698472095,0.27274087932647334,0.48083567196757093,0.03835360149672591,0.17403180542563143,0.09463049579045837,0.4951418771437481,0.04048643592142189,0.044315559713127534
1.0,0.5329342064234487,0.10164016214530715,0.10914873713751169,0.0989460555035859,0.10440910508263174,0.10208917991892735,0.1077268475210477,0.11405051449953227,0.12086061739943872,0.13102588088556283,0.13971936389148737,0.15013408169628936,0.15775491113189896,0.17052697224820704,0.18301216089803554,0.19760523854069223,0.20848144683504832,0.21677580293108825,0.22641721234798878,0.2333021515434986,0.24546304957904583,0.2534206423448706,0.26071718116619896,0.2700467726847521,0.2769566573121297,0.2864608668537574,0.294792641097599,0.3043217960710945,0.31264109759900216,0.32119738072965387,0.3285438104147178,0.3364764577486748,0.34253819769254756,0.34973495478640476,0.3581540380417836,0.36568755846585593,0.37263486124103523,0.3789959463673215,0.38691612098534456,0.3939382600561272,0.40153414405986904,0.02575615840349236,0.0263548487683193,0.026941066417212348,0.027439975054568133,0.027988774555659495,0.028574992204552542,0.0291362644215778,0.029747427502338636,0.03040848144683505,0.03100717181166199,0.42065481758652945,0.4256064858122856,0.4011350171499844,0.40314312441534145,0.447807920174618,0.4524103523542251,0.441658871219208,0.443429996881821,0.44573744932959153,0.03643280324290614,0.4760336763330215,0.4515497349547864,0.48471468662301215,0.4897910820081073,0.4610414717804802,0.498459619582164,0.5033988150919863,0.5089117555347676,0.4250077954474587
1.0,0.6559401309635173,0.15604614904895542,0.090651699407546,0.10856251948861864,0.09717492984097287,0.09636420330526972,0.1065918303710633,0.10554412223261615,0.11482382288743374,0.12058621764889305,0.12431555971312754,0.1389585282195198,0.15865294667913937,0.16475210477081384,0.17835983785469287,0.19206735266604302,0.19942625506704084,0.2061989398191456,0.21067664483941378,0.22069223573433114,0.2321421889616464,0.24552541315871532,0.2559151855316495,0.2658808855628313,0.27433738696601184,0.2839289055191768,0.29494231368880575,0.3066417212347989,0.3130526972248207,0.32148425319613344,0.327932647333957,0.33446835048331774,0.33813532896788273,0.34665419395073277,0.3530028063610851,0.3608107265357032,0.367096975366386,0.3746429685063923,0.3808044901777362,0.3877642656688494,0.39872778297474276,0.025631431244153416,0.026192703461178673,0.0268163392578734,0.027377611474898658,0.027901465544122234,0.028475210477081386,0.029061428125974433,0.029647645774867476,0.3321608980355472,0.4168631119426255,0.4310321172435298,0.43642033052697227,0.4423947614593078,0.393140006236358,0.033302151543498595,0.033863423760523856,0.45441845961958216,0.03501091362644216,0.0356096039912691,0.47416276894293735,0.47849080137199873,0.4833426878702837,0.48984097287184286,0.49334580604926725,0.03891487371375117,0.5033863423760524,0.5074773932023698,0.5142376052385407,0.5183037106329903
1.0,0.48293108824446523,0.08122232616152167,0.04972871842843779,0.05058933582787652,0.06662924851886498,0.07154349859681945,0.08915497349547864,0.09072653570314936,0.09420642344870596,0.10697848456501403,0.11531025880885563,0.13113813532896787,0.14072965388213282,0.14573121297162456,0.16182101652634862,0.1743560960399127,0.18309946990957282,0.19275335204240723,0.19840349236046148,0.21168693483005924,0.21791082008107265,0.22601808543810414,0.23323978796382913,0.23961334580604926,0.24826941066417213,0.2594200187090739,0.26893670096663547,0.27852821951980045,0.2862613033988151,0.2972497661365762,0.30550670408481445,0.31418771437480514,0.3223448705955722,0.32959151855316493,0.3375865294667914,0.34732772061116307,0.35598378546928594,0.36372934206423446,0.37001559089491737,0.3762270034299969,0.38347365138758965,0.025731212971624572,0.0263548487683193,0.026941066417212348,0.02756470221390708,0.028175865294667913,0.028724664795759275,0.029323355160586217,0.029909572809479264,0.030583099469909572,0.05173682569379482,0.26666666666666666,0.2317056439039601,0.4254692859370128,0.43294044278141564,0.43719363891487373,0.12385406922357343,0.30463361396944183,0.45128780792017464,0.1911693171188026,0.39454942313688807,0.12818210165263486,0.4675272840661054,0.39785469285937014,0.31035859058309945,0.4820579981290926,0.1993140006236358,0.26316183348924227,0.04329279700654817,0.49697536638603057
1.0,0.7427627065793576,0.19809167446211412,0.14649204864359214,0.09678827564702214,0.0890053009042719,0.085088868101029,0.09844714686623011,0.10503274087932647,0.10368568755846586,0.10702837542874961,0.11073277206111631,0.11872778297474275,0.13095104458995946,0.14039289055191767,0.1514187714374805,0.16291861552853135,0.17312129716245714,0.18299968818210166,0.18931088244465233,0.1971936389148737,0.206747739320237,0.2138571874025569,0.2249828500155909,0.23635796694730277,0.24732148425319614,0.25473027751792954,0.26443405051449953,0.27275335204240725,0.27809167446211414,0.2845774867477393,0.29359526036794514,0.30195198004365453,0.31148113501714997,0.31942625506704087,0.32729653882132836,0.3352915497349548,0.34387277829747426,0.351593389460555,0.3584034923604615,0.36490177736202056,0.3724352977860929,0.02583099469909573,0.026442157779856562,0.027015902712815714,0.027589647645774866,0.028150919862800126,0.028749610227627065,0.029335827876520112,0.029909572809479264,0.3982538197692548,0.40380417835983784,0.4093171188026193,0.415029622700343,0.07013408169628936,0.4264047396320549,0.4324165887121921,0.43684440286872467,0.07973807296538821,0.035385095104458995,0.13148737137511693,0.4559276582475834,0.4384034923604615,0.43916432803242905,0.2333021515434986,0.4435173058933583,0.4440037418147802,0.16937948238228875,0.48773308387901465,0.4922482070470845,0.4970502026816339
