0.0,0.00017052479004135227,0.0005114871488853843,0.000681924732557644,0.000937526634279383,0.001363384602275148,0.0017039403620873268,0.0020443800843306784,0.0024697666496337933,0.002724911653254992,0.003150008513536523,0.0033199965948752875,0.0037448402059662112,0.003914727032892217,0.004169503063308373,0.0045091032839884295,0.004678860059549128,0.0051879571355672735,0.005442408265657553,0.0057815754793181144,0.0061206273643048415,0.006459563979431388,0.006628989079165427,0.007137091635158673,0.0074756827931869345,0.00772955066677992,0.008913412563667233,0.009673723959438245,0.011108284575595692,0.01447557775332261,0.019421574836394343,0.029240011763223123,0.041908419251158326,0.057959014696750154,0.07974129108846044,0.10050210560414642,0.12405022794529313,0.15220388387757514,0.17648202137998056,0.19964691433834816,0.221691497024148,0.24530560335153737,0.2675333308712191,0.28814363390869613,0.3096713750360334,0.32935645856333917,0.3480649364369476,0.36851806767989426,0.3848087318803154,0.3990853866630264,0.4114459871317304,0.4247817327065144,0.43872728482992746,0.45242808128793877,0.46453471244803773,0.47585938007667816,0.4856017561983471,0.49700426131812503,0.508094011385682,0.5167736427735795,0.5252601464994184,0.5350238905718122,0.5447946395334409,0.5526072199938291,0.5617929300671429,0.5696862517913224,0.575765856028175,0.5814509056820587,0.5889183010468054,0.5954248757410623,0.6009543692215926,0.6063990968776923,0.6129509166173862,0.6190350025022815,0.6248241088180112,0.6298048837481014,0.6342329752234548,0.6381582767229868,0.64276827821659,0.6475811566626305,0.6515465102909049,0.6552574246072698,0.6590629734442444,0.66204614814181,0.6655097860719162,0.6694463353755389,0.6719325066530774,0.6752703962045692,0.6784054092125652,0.680969519739062,0.6836345268829274,0.6863991487216824,0.6890422826481849,0.6918207423519898,0.6951321279554937,0.6974871581285575,0.6996895442953764,0.7026025389274553,0.7048949504431131,0.7077134986225895,0.7107324446887454,0.7131374646805475,0.7152169149868537,0.7171844235397068,0.7195654547439677,0.7216241994822182,0.7236068785372225,0.7262409036602585,0.7287262872628726,0.7304809071473032,0.7320593561640133,0.7338047937810408,0.7351363011297759,0.7365330747683689,0.7381304640215198,0.7391818523893996,0.7407387522817567,0.7420557239012094,0.7434036055824917,0.7449836802397132,0.7458895869536158,0.7469615620909795,0.7484659303132171,0.75,0.751164709953944,0.7521281123643329,0.7530237380047317,0.7536532228067379,0.7546127910372474,0.7553067289322861,0.7565934211572614,0.7576471834529516,0.7591588414230922,0.761092330445806,0.7621711481119877,0.763019803285605,0.7640627058358582,0.7653638636662718,0.7664676957059087,0.7675371761862225,0.7686048037800236,0.7694446630466147,0.7701544188973075,0.7710565612637866,0.7715714772042842,0.7724394201078139,0.7734023637694801,0.7743317743579025,0.7750998772749824,0.7763459933222037,0.77711157455683,0.7779398739123639,0.7791484488861129,0.7796883535808121,0.7802594971268104,0.7808934743626393,0.7816533776588838,0.782759873371737,0.7833597012215681,0.7846835410243789,0.7855330606327344,0.7865697508988851,0.7871344726840241,0.7880431974370898,0.7885439801663138,0.7890756085598493,0.7897941282699551,0.7904494237165769,0.7912286126571841,0.791695644334544,0.7924732289950577,0.7928150492807329,0.7932187692940934,0.7938083361188965,0.7944283107604534,0.7949547883271681,0.7958518366403984,0.796624082910061,0.7973645080244065,0.7975494719573465,0.7979808332906267,0.7987811123630032,0.7989963900765509,0.799334527770668,0.799733899649464,0.7999488360194423,0.8001330059341109,0.8006851766630874,0.8013287338699374,0.8017879948914431,0.8022469041235797,0.802705461970393,0.8032857981070946,0.803652036418352,0.8039570638178527,0.8044752535807126,0.804810313638564,0.8052669111654441,0.8056623469205897,0.8059663501921756,0.8066953270077077
0.0,0.0005114871488853843,0.0011930631897396566,0.0014485344239945467,0.0018741747241981515,0.0022996337620304914,0.002979991485738612,0.003404979782932539,0.0037448402059662112,0.004084584946602562,0.004763727616860193,0.0051879571355672735,0.005612006292249479,0.0061206273643048415,0.006544280129185789,0.006798385383471425,0.007306401597213372,0.007644935230409854,0.008152520062842342,0.008575309899813211,0.00899792029200798,0.009335879482283047,0.009673723959438245,0.009927032071949771,0.010686569695941648,0.011698385114228797,0.01397121083827265,0.017077397810373252,0.022677457427078065,0.031225080790699626,0.0420718727826704,0.05707422133863486,0.07753780582763002,0.09927066450567261,0.1241252449314192,0.15140290037831022,0.16915151042073218,0.19389365879952258,0.21424492748106133,0.23626724818588563,0.25729994799019246,0.279542287097484,0.30251492672335806,0.3223060691677694,0.34005661712668084,0.3561691838665592,0.37118055555555557,0.38725203699247085,0.40143124893508264,0.4152562413431979,0.4296331012319229,0.44504110315566164,0.4581758422350041,0.4702928324528794,0.48290805601371234,0.49550994227068634,0.5050511488575161,0.5164922045476108,0.5260015710919089,0.5348408657900491,0.5435747772361762,0.5526965321485869,0.561042944785276,0.5688134972694268,0.5761549201724033,0.5831646984203691,0.5896395177535252,0.5960554275282076,0.6028294862248696,0.6092499258820041,0.6155299117551575,0.6218344203537223,0.6280817711227444,0.6333974246926528,0.6382768730587245,0.6435139668035395,0.6473861768691791,0.6515465102909049,0.6555657457296802,0.6602884478080823,0.664065614854474,0.667556666477305,0.672120474424661,0.676951714801444,0.6800416443906694,0.6830802054967575,0.6858839678404348,0.6885658372938216,0.6910907112363627,0.6950595304328474,0.6975956466211338,0.7004820211646074,0.7034989773920735,0.7058239302562971,0.7080694023684936,0.7106970096745823,0.7133492416138676,0.7158851386493663,0.7185861013986014,0.720473514810976,0.7225641304939818,0.7240929119295001,0.7259295472446291,0.7286573798037834,0.7306526680376664,0.7324019780041614,0.7340098235008367,0.7355795148247979,0.7370093155995907,0.7383680275402076,0.7398592381668726,0.7412456060321464,0.7428647996784135,0.7441773304063822,0.7461242382123383,0.7477977684053174,0.7493001306422801,0.7504994273233359,0.7518624946785867,0.7531894535402934,0.7542820723902595,0.7553067289322861,0.7561648194304502,0.7573509933774835,0.7586991611759414,0.7596837735649506,0.7607977810064721,0.7621711481119877,0.7636718235247608,0.7651363588501632,0.7660783333771733,0.7670188718919203,0.7677961649592855,0.7684431609346285,0.7695092201558115,0.770798941383015,0.7717322999581064,0.772728461920833,0.7735627075217653,0.7746519342789228,0.7757711780364319,0.7763459933222037,0.7772709500847126,0.7783217875931038,0.7791484488861129,0.7799739921976593,0.7807033504015803,0.7813685249649296,0.7825387350445097,0.7832650308657986,0.7840219814401991,0.7849353744139663,0.785910243801439,0.7866639077129999,0.7872285418821097,0.7880431974370898,0.7889818256918628,0.7898253489152026,0.791010540965439,0.7917578879587894,0.7921312150784046,0.7926907733882383,0.7934050105458099,0.7942423852975196,0.7946451513438512,0.7951714395787851,0.7956972684329431,0.7962226385075316,0.7972103279403092,0.7975186485862962,0.7981040225467589,0.7987195902688861,0.7990886283344427,0.7994574397297436,0.8000716222438226,0.8006851766630874,0.8009610714924724,0.8015124805191487,0.8017573884390405,0.8023997957620628,0.8026749023711682,0.8028582365701161,0.803682546159339,0.8041095191964513,0.8045057213486583,0.8048712134722682,0.8056319380792342,0.8059055619193076,0.8062701987429066,0.8070898179228969,0.8075749872902898,0.8079688969074784,0.8084836169672339,0.8087559359049239,0.8091188342514788,0.8095721463736487,0.8098137717562287,0.8102967283794066,0.8105983772819473,0.8109300144483029,0.8109902922464705
0.0,0.0002557762810128741,0.0005967095729264342,0.0010227127455575914,0.0015336769905849273,0.0018741747241981515,0.0024697666496337933,0.002894972114606837,0.003150008513536523,0.0035749244584415032,0.003999659603438005,0.0045939852822323365,0.004763727616860193,0.0051879571355672735,0.005696794490264433,0.005951115834218916,0.006290110076926346,0.006883072739632903,0.007306401597213372,0.00772955066677992,0.008152520062842342,0.008237092391304348,0.008744375583665845,0.00899792029200798,0.009504816056349981,0.010349069007931458,0.013298322886667796,0.019839594765723934,0.02973665420639254,0.04264374530584995,0.06373054856152227,0.08663376432679365,0.10487617662505555,0.13055433786314907,0.15453007592745585,0.1807252278456467,0.2036455541089071,0.2268672512851527,0.2474034222521109,0.2661886457717327,0.28889294182017144,0.30613129197660144,0.3264359614698537,0.3435734463276836,0.36190941788595177,0.3798998445864272,0.39448285303579983,0.40972269306393655,0.42356420338071715,0.4400771481777068,0.4535504714182106,0.4660410058533076,0.47694805194805195,0.48891895374307437,0.500127893592531,0.511219016788854,0.5213087882990796,0.5302042862514099,0.539493757588966,0.5471382556987116,0.5571481299212598,0.5659696747370996,0.5738606998449518,0.5812363900314541,0.5893002135145701,0.595088349805331,0.6020800429120601,0.6078053123608844,0.6138116485919447,0.6193601553992406,0.623936638310355,0.6283224655691687,0.6333177951287728,0.6373275236020334,0.642493344137053,0.6475031714911775,0.6518177899123437,0.656027962411185,0.6607856571885349,0.664864095631137,0.667556666477305,0.6709165604193229,0.6745966716582376,0.6778094083824234,0.6806727415907301,0.6844835805827421,0.687244640958191,0.690506099433325,0.6926957054872781,0.6953861556859582,0.6983184416449304,0.7008419186883793,0.7029612630298339,0.7054667880895218,0.7072861552028219,0.709810500838857,0.712325006862476,0.715287287067974,0.7173247293011047,0.7188660694778239,0.7212408679533312,0.7229119024284003,0.7244051665533651,0.7262754894240951,0.7280023861818379,0.7292772781449778,0.7310647046093919,0.7327101793818889,0.7345562449420017,0.7362948196438673,0.7384358864027539,0.7401299887199871,0.7413131557058145,0.7425615182544363,0.7442445657993361,0.7460572039561615,0.7478980381689577,0.7502997042917655,0.7516964261954815,0.753255727422527,0.7544143809245639,0.755570882852292,0.7569558535163495,0.758600613951519,0.7598477237878708,0.7609941628588786,0.7619751392151171,0.7631176501608395,0.7647786818337414,0.7666622847377416,0.7673428631490435,0.7684431609346285,0.7695414961703914,0.7700899294722215,0.771024364684307,0.7719252316875229,0.7729531781323568,0.7739794051539386,0.7743317743579025,0.775611411270326,0.7765374784831256,0.7772709500847126,0.778576264125397,0.7793708204314226,0.78019606313545,0.7806716573092118,0.7815267929037117,0.782317516353442,0.7833597012215681,0.7840535006091397,0.7852814749598632,0.7861301591408979,0.7873225964894139,0.7877299979326029,0.7883249386542683,0.7888880282962848,0.7897004566681287,0.7902310707654219,0.7906676978602732,0.7913531897351335,0.7922866999639565,0.7930635243265495,0.7938393499948575,0.7943353551968747,0.7948928736577096,0.7952952053211433,0.7960063651763256,0.7967166859048352,0.7971178009128673,0.7976727496411729,0.7985657574593418,0.7990271377368151,0.7994267140992501,0.799733899649464,0.8002864376870157,0.8005931835033622,0.8011142915559191,0.8014206142368031,0.8017573884390405,0.8023997957620628,0.8027665764892042,0.803682546159339,0.8040180506335568,0.8042009737694052,0.8047189522499109,0.8051451859398879,0.8059055619193076,0.8063613231552162,0.806968463886063,0.8075446757670505,0.8078780177890724,0.8085138807751898,0.808937412720579,0.8092699766473753,0.8098439680324749,0.8101156655844156,0.8105983772819473,0.811080697485807,0.8116228403506105,0.8120441653160454,0.812374996835363
0.0,0.00017052479004135227,0.0005114871488853843,0.000937526634279383,0.001363384602275148,0.0018741747241981515,0.0022996337620304914,0.002724911653254992,0.003150008513536523,0.0035749244584415032,0.0042544139544777706,0.004339317621032928,0.0045091032839884295,0.004763727616860193,0.005103125664469487,0.005612006292249479,0.006205372322339341,0.006205372322339341,0.006544280129185789,0.006883072739632903,0.007306401597213372,0.007560312606184166,0.007560312606184166,0.007898759979616104,0.008152520062842342,0.008406215504797487,0.009504816056349981,0.011192606096578624,0.015147668613015147,0.020591586142875228,0.0313903227160183,0.04386806221592094,0.0607689127738735,0.08099815913274698,0.10157830837717523,0.11953820251743767,0.14166303529691399,0.16557171906773033,0.187403400309119,0.2126119260811583,0.23805588942307693,0.26130467012601927,0.28193671256958686,0.3038038761932311,0.3223060691677694,0.3420513183006998,0.36230973327747523,0.37816346286820635,0.3919511860688331,0.4102077473141966,0.4264725613846773,0.4412175184422144,0.45334652159577976,0.4646854748969038,0.4775412177073867,0.48925960516569517,0.5009906052278392,0.5134364304728103,0.5221473127087141,0.533741756009127,0.5429867064231582,0.5515346137219787,0.5598059683163453,0.5678959579924289,0.5764141781985919,0.5841909878368998,0.5904870646915658,0.5968533141899977,0.604159847650787,0.6112673554575327,0.6186283459465827,0.6244208550818133,0.6304049516802429,0.6355836072249207,0.6411957245894042,0.6456679273609146,0.6509260324398942,0.6557968938048025,0.6598674437207176,0.663875359594406,0.6683887816509595,0.6718573046432617,0.6751955717472958,0.6784798715384399,0.6818220136566724,0.6856262258335668,0.689115551208607,0.6919301767888015,0.6955675435181581,0.698535123737654,0.7012016169223102,0.703678116450659,0.7062165591041977,0.7088872374975917,0.711440736162615,0.7137020483150073,0.7159554375496127,0.7178506026730807,0.7198449950878725,0.7220421173073256,0.7237457830014148,0.7261717264975832,0.7284161448591797,0.7296902079722704,0.7313049357674104,0.7328471096704484,0.7346927766089443,0.7363629017051424,0.7375191753909088,0.7393851445770182,0.7411104849314333,0.7431679348408531,0.7449836802397132,0.7463588016782918,0.7485994771381316,0.7498667519454216,0.7512311992546253,0.7525263269864908,0.7543482301707427,0.7558349246764269,0.7571205256603873,0.7586663138396401,0.759552582172039,0.7608305156382079,0.7624650451115919,0.7638672955809113,0.764973804070242,0.76614324416739,0.7669540532015561,0.768216789643673,0.7692509510691329,0.7705089898831053,0.7713462545835515,0.7719895287958115,0.7730494598906703,0.7741716316504651,0.7750359054706881,0.7760267181547774,0.7768245938828192,0.7775577213738468,0.7786398666944386,0.7792437608972858,0.7804180532445923,0.7811785491581792,0.7822542962463008,0.7831703457757256,0.7839274141283215,0.7844001036537963,0.7850927172899617,0.7859416651569657,0.7868835501305955,0.7874793217535153,0.7881371257330336,0.7892006297911881,0.7897004566681287,0.7904494237165769,0.791104009895887,0.7915711378448698,0.7921312150784046,0.7930014151550238,0.7935601676825348,0.7942113921447667,0.7946761222025231,0.7956663500295242,0.7962226385075316,0.7968401343968812,0.7977035651126432,0.7979808332906267,0.7986888268585624,0.7991501126356748,0.7999488360194423,0.8005931835033622,0.8010530082298216,0.8016043327202126,0.8023487362777636,0.8028682981601041,0.8036010303231236,0.8041804741269437,0.8046984482890412,0.8051551118129489,0.8055201914752763,0.8060977782302191,0.8066748066748066,0.8070692943420216,0.8076756894141568,0.8084025502298763,0.8089773535086828,0.8093098809614457,0.8102761786411706,0.8105476673427991,0.8109395990165513,0.8112710318264748,0.8118129780659541,0.8123844965950229,0.8128052638238643,0.8131957093705727,0.8134058429239914,0.8137958935976535,0.8145153138582837,0.8148148148148148,0.8150243754578292
0.0,0.00034102050385779445,0.0005967095729264342,0.0011078915970683485,0.0014485344239945467,0.001789061168853297,0.0022996337620304914,0.002639870561185387,0.0028099455040871933,0.0033199965948752875,0.0035749244584415032,0.004084584946602562,0.0045091032839884295,0.004763727616860193,0.005103125664469487,0.005612006292249479,0.005951115834218916,0.006459563979431388,0.00696775289968985,0.007221750212404418,0.007644935230409854,0.008237092391304348,0.008490766291657821,0.008744375583665845,0.009420351353645082,0.010264675941635562,0.011361227690872864,0.013045872336820703,0.01615495221179058,0.02142646252477962,0.03163813360187982,0.045823786711101856,0.06181051935710449,0.07989848962383857,0.10042518728487548,0.12420025591810621,0.14702164638963502,0.16900858704137392,0.19486666410128142,0.2231733646452786,0.24280791129757268,0.2625925925925926,0.2873936694534701,0.3090620719486699,0.3268538003352712,0.344275024707045,0.3615089067411806,0.37720967239768916,0.3899090441050283,0.4060482500849473,0.4219202045347507,0.43544675316012404,0.4496149651320356,0.4574660484693039,0.46884486078924176,0.47872616422363473,0.49003766054012293,0.4994562088158147,0.510746372900727,0.5192550505050505,0.5280366500360852,0.5370341493840636,0.5461025879435921,0.5527411840928023,0.5595406251919179,0.5664955384427331,0.5743807931925239,0.5805495037521181,0.5869205048648974,0.5929392003359429,0.5980693942201368,0.60357812639538,0.6089199928829844,0.6139345231060158,0.6189130306777365,0.6234116853009362,0.6276402785091568,0.6332381562845988,0.6385140037730372,0.6432000925550992,0.6465666474321985,0.6508484325568018,0.6546403579213032,0.6581423953774421,0.6612060846485345,0.6643318812106717,0.6680106763586802,0.670841243306038,0.6732096390994456,0.676204989276442,0.6794842923094246,0.6817849716180521,0.6846680125616869,0.6868404109397307,0.6895549906416739,0.6933511601348152,0.6965823839955543,0.6996534996534997,0.7019922523519646,0.7043583936364138,0.7070011025358324,0.7088872374975917,0.7109095905468535,0.7125723852128331,0.7143013758701968,0.7162014230979749,0.7180958627097338,0.7205433122408903,0.7227380401339614,0.7247866035991953,0.7266558089033659,0.7284161448591797,0.7301372458785631,0.731716549057777,0.7332919288202414,0.7347610313949725,0.7359202371328483,0.7371113205007404,0.7385037379659012,0.7398592381668726,0.7415495224809528,0.7423255315155902,0.7440428380187416,0.7456213065219135,0.7478311934441982,0.7494668372787374,0.7504328600729868,0.751796072587941,0.7527585015022201,0.7539180789459704,0.754943334129575,0.755900917625842,0.7568899724401102,0.757910345010194,0.7585677613994231,0.7600116306732574,0.760699566733594,0.7617790682328098,0.7626935351990083,0.7634762896380842,0.7644858828487147,0.7652663718677616,0.7663054912686724,0.7668568123866355,0.7673428631490435,0.767763797315401,0.768669449037982,0.7694123819517313,0.7698964206109873,0.7707345195356515,0.7718609278458477,0.7726642421705345,0.7740755259375408,0.7747479496421669,0.776154448212888,0.776633198591733,0.7778443581794023,0.7783854166666667,0.7790848992764562,0.7800374492874232,0.7807033504015803,0.781241881008054,0.7820329741659093,0.7829493565794936,0.7836436239174402,0.783958938199917,0.7844631011608624,0.7851871034572058,0.7855016181229774,0.7860045029890531,0.7870717517776341,0.7876673386054686,0.7881371257330336,0.7887003899088492,0.789481833195706,0.7903246602542613,0.7907923905758623,0.791259759334175,0.7918512413722056,0.7923799716823272,0.7929703581720873,0.7933118971061093,0.7936532428123232,0.7942423852975196,0.7949547883271681,0.7954498767460969,0.7960681654860897,0.7964697129076121,0.7969018491446744,0.79733367516985,0.797734379004562,0.7985965271730779,0.7988118710470387,0.7993652581198332,0.8002864376870157,0.8006545138445018,0.8011142915559191,0.8014818599897803,0.8017879948914431,0.802093973442288,0.8023997957620628
0.0,0.0005114871488853843,0.0008523332623055614,0.0010227127455575914,0.0015336769905849273,0.001959281029048471,0.0022996337620304914,0.002639870561185387,0.002894972114606837,0.0033199965948752875,0.0037448402059662112,0.0042544139544777706,0.004763727616860193,0.004933441075149917,0.005272781392184378,0.0055272108843537416,0.0057815754793181144,0.006374840628984276,0.006713690830288094,0.007137091635158673,0.007644935230409854,0.007898759979616104,0.008321657538317836,0.008659846330177867,0.008913412563667233,0.00984260319884604,0.011023955904176383,0.013634823848238482,0.017328825021132713,0.024259781830434233,0.036663457916544594,0.052880624273617796,0.06954732510288066,0.09021699303830966,0.11545878193797204,0.1382704290193277,0.16089700866428824,0.18572091584158415,0.21077122587535282,0.23560386655132207,0.2605954985353554,0.2824399531341535,0.3015315543647489,0.3214055678809132,0.3384691672865087,0.3582402967836769,0.3744542241319565,0.3885816358077703,0.4038788703640694,0.41915481566354384,0.432623876507735,0.44653442394939896,0.45655249564044353,0.4692945245709065,0.4791700437672232,0.4917368657964118,0.5014215889850813,0.5110772551260078,0.5204226462703043,0.5309867535151724,0.5388568758760318,0.5482173805397376,0.5569262005106592,0.5666707406502077,0.5750303766707169,0.5822654738878144,0.5894274717344239,0.5974406506009687,0.6031207194330296,0.6080531734963355,0.6133199326022052,0.6191569527846462,0.6247837940840199,0.6306048575432041,0.6358216767964637,0.6402898550724637,0.6459415771850826,0.6509648290340206,0.654563184764527,0.6590629734442444,0.6624276467736877,0.6653958860849526,0.6685399636693915,0.6720452937013447,0.6753826170441068,0.6779584589803568,0.6821923195774925,0.6858839678404348,0.6894085435699718,0.6926957054872781,0.6960751612185901,0.6991847373967057,0.7023154167473512,0.7047876746369208,0.7081049819613892,0.7106261338024298,0.7131374646805475,0.7163770693665344,0.7189360423835273,0.7214499863723085,0.7233984651390628,0.7252370988342075,0.7266903721397356,0.7286573798037834,0.7302059930162683,0.7322306902329604,0.7338389700126859,0.7361245823903438,0.737994673266794,0.7395206362854686,0.7410767001234502,0.742730025997695,0.7446142318088153,0.7468611422770743,0.7483323549815892,0.750366285729508,0.7516299864278682,0.7527253390055836,0.7542820723902595,0.7555048548840664,0.7573180746509841,0.7587976927554638,0.760306553911205,0.761419443417648,0.7626282609269077,0.7635740643120716,0.7645509612852252,0.765721201915487,0.7666622847377416,0.7676019335855402,0.7691217758652358,0.7701221750301505,0.770798941383015,0.7719573810832744,0.7730815504524768,0.774427839899676,0.7757711780364319,0.7770159292958261,0.7780035427737835,0.7789259963037197,0.7799422611771437,0.7805448684620984,0.7813052062766289,0.7822226837309519,0.7832019091097738,0.7839274141283215,0.7847150259067357,0.7853443811496634,0.7862871927554981,0.7868835501305955,0.7876673386054686,0.7884188232863267,0.7891693769036188,0.790106262251109,0.790885893239168,0.7915711378448698,0.7921934138366076,0.7931566760998199,0.7939943954546623,0.7948928736577096,0.7955735852932114,0.7960372661242717,0.796624082910061,0.7969327041444398,0.79733367516985,0.7981656077064972,0.7986888268585624,0.7990271377368151,0.7993959868959869,0.7998260246635625,0.8001943833444166,0.8006238494579668,0.8010530082298216,0.8015124805191487,0.8017573884390405,0.8023386437908496,0.8027360200096986,0.8035604978575801,0.8041704904659936,0.8046884953497261,0.8054190328248746,0.8059663501921756,0.806391694867815,0.8068167366145237,0.8074537319503763,0.8082111734966083,0.808937412720579,0.8092397512374667,0.8095419363024997,0.8098439680324749,0.8099949264332826,0.8105078986738342,0.8108998732572877,0.8111710889784333,0.8114722947123059,0.8117131494287814,0.8120441653160454,0.812435128224602,0.8128859196274927,0.813456431010497,0.8137264818935869
0.0,0.00034102050385779445,0.000681924732557644,0.000937526634279383,0.0011078915970683485,0.0014485344239945467,0.0016188123029735027,0.0020443800843306784,0.0024697666496337933,0.002724911653254992,0.0033199965948752875,0.0037448402059662112,0.0042544139544777706,0.004763727616860193,0.005103125664469487,0.005272781392184378,0.005612006292249479,0.005866349260329876,0.0061206273643048415,0.006205372322339341,0.006374840628984276,0.006713690830288094,0.007137091635158673,0.007306401597213372,0.007644935230409854,0.008490766291657821,0.009420351353645082,0.011023955904176383,0.014559614000931137,0.019839594765723934,0.0311424494249979,0.04948024948024948,0.06954732510288066,0.08928353223901267,0.10869652864572833,0.13471708616644798,0.15916493348506847,0.1810779371849554,0.20680428134556575,0.23187968791225358,0.25820585177484034,0.2809293462327763,0.3004854720672415,0.3215256905681981,0.34322243413152503,0.3620810055865922,0.3776025454796984,0.39299784180055497,0.40988441069794246,0.42393495497916944,0.4356554506953013,0.44915366305210264,0.461462774680223,0.47263373815648096,0.4843785338115085,0.4964261675053688,0.5077143311595356,0.5170549742357664,0.5271585557299843,0.5365777569801903,0.5451105666346183,0.554124029096289,0.562454032851189,0.5715590742996346,0.5781401551891368,0.584447327921784,0.5911220567035079,0.5981531841137974,0.605487677992806,0.6114728865735259,0.6163058226653295,0.6206997941781829,0.6261934047911908,0.6314438253055985,0.6360200046522447,0.6407626332869727,0.6444155468862881,0.6488276974480097,0.6530952107499712,0.6579120533287558,0.6612060846485345,0.664712077652216,0.6681241304903325,0.6719325066530774,0.6757939308398024,0.679521463757917,0.6825994158616041,0.6862887868264814,0.6892986867840178,0.692404181184669,0.6956038150321163,0.6983184416449304,0.7001579428634764,0.7027819257784415,0.7050022084805654,0.7070367409939087,0.7087806220754198,0.7110158546973319,0.7124663775594225,0.7137373183438442,0.7153576514404645,0.7180608313065341,0.7202989879149958,0.7221813625343902,0.7236763345486206,0.725341014075322,0.7268631601802095,0.7287607381913769,0.7312019906956616,0.7326074622429957,0.7341123134630434,0.7358521073622939,0.7373492678725236,0.7390801817057764,0.7405020808162169,0.7424941025091143,0.7444798329898563,0.7457219251336898,0.7472627249906532,0.748065118761676,0.7501665201289532,0.7517628588914611,0.7531231726117698,0.7544805246528423,0.7565934211572614,0.7584691933093373,0.7599132917415671,0.7615829351355632,0.7628240630851597,0.7637695672798187,0.7648762506582412,0.7659160265179417,0.7667271341062649,0.767763797315401,0.768507823164969,0.7692832406338546,0.7697996433441728,0.7703800786369593,0.7710565612637866,0.7717322999581064,0.7727605692758477,0.7734344358739704,0.7740434873510349,0.774811951525282,0.7758670180840792,0.7771434529861057,0.7779398739123639,0.7786716654950663,0.7794025811823481,0.7801326225458328,0.7812735444649399,0.7822859071204216,0.7831072141949208,0.7835489977439515,0.7841795609465309,0.7851871034572058,0.7856273783944705,0.7864441857456992,0.7870717517776341,0.7877299979326029,0.7884188232863267,0.7890443492178223,0.7895130699558743,0.790106262251109,0.7907923905758623,0.7913220478730257,0.7915088749774584,0.792100113296941,0.792566471905485,0.7931877234956651,0.7942113921447667,0.7947690252299471,0.7954808062652459,0.7958827455208173,0.796531465660997,0.7970252596486729,0.7976419325900295,0.7982271865553108,0.7990271377368151,0.7999488360194423,0.8003784779050737,0.8009917186381761,0.801634946991953,0.8022469041235797,0.8027360200096986,0.8031331326223402,0.8037435609731218,0.8046884953497261,0.8051451859398879,0.8056319380792342,0.8060575209977093,0.8064524336564639,0.8071504856837716,0.8077871248125651,0.8081506135826622,0.8085744037792396,0.8089071704245379,0.8092699766473753,0.8096325619163621,0.8099949264332826,0.810628533759286
0.0,0.0002557762810128741,0.000681924732557644,0.000937526634279383,0.001363384602275148,0.0017039403620873268,0.0020443800843306784,0.0022996337620304914,0.002724911653254992,0.0030650036184070497,0.0034899557371467485,0.003999659603438005,0.0045939852822323365,0.005103125664469487,0.005612006292249479,0.005696794490264433,0.0061206273643048415,0.006628989079165427,0.006798385383471425,0.00696775289968985,0.007221750212404418,0.007391045790502081,0.00772955066677992,0.007814158916210134,0.008152520062842342,0.008575309899813211,0.009504816056349981,0.011192606096578624,0.014727665157222057,0.019839594765723934,0.03097716588314305,0.043541727488843475,0.05538282966463541,0.0710555532711049,0.09122721354166667,0.11477715709520556,0.139304271944786,0.16298558897243107,0.18628209093721002,0.21268002743275166,0.2348735701384708,0.2554853105243585,0.2781529878138306,0.2977102006749646,0.31567986786829916,0.33220748746755785,0.3468424020298844,0.3615089067411806,0.3770973879951566,0.39371318997397614,0.4081037057146735,0.42287520172135556,0.43669810377578566,0.4508949210752262,0.46282399973785104,0.47347868532378784,0.48472123522191357,0.495992305226034,0.5075244185676562,0.5175704714953862,0.5280366500360852,0.5379460807230794,0.5482173805397376,0.5575030750307504,0.5658819932742281,0.5731232510037717,0.5791737339471771,0.5860260429225946,0.5926014821037473,0.599032373671007,0.6039936910394905,0.6098681286116462,0.6149576308718887,0.6204969857373915,0.6254688232536334,0.6290440424350469,0.6338352214812011,0.6382768730587245,0.6426504629629629,0.6470350715274573,0.6508872336142187,0.6554116028433845,0.6594461749492756,0.6628470440681831,0.6664202865590175,0.6699744825630848,0.672984441301273,0.676204989276442,0.6789636722050126,0.6816367826429094,0.6853683827032481,0.68834582261492,0.6911637510114115,0.6948053754764754,0.6971615841804144,0.7004100177304965,0.7032839451570102,0.705109448753692,0.7068585290550226,0.7089938353148393,0.7117592134893173,0.7135256691531373,0.7155686983188215,0.7176052487698196,0.7193906800251153,0.7212060082326963,0.7227728163798737,0.7243010986620254,0.7265521079349567,0.7283472037734826,0.7298621828716866,0.7317508381096571,0.7332919288202414,0.7347610313949725,0.7370433190641574,0.7384019578839792,0.7399269367143011,0.7418195472588778,0.7432016075016745,0.7446814204286976,0.7465932774007374,0.748065118761676,0.7488664853043153,0.7499333795235303,0.7518624946785867,0.7528248212054343,0.7540173709793089,0.7552406729289391,0.7564945392853356,0.7574168255986438,0.7589618772983412,0.7603720733576449,0.7616483197381273,0.7632154815576472,0.7642580543189063,0.76546134007053,0.7663054912686724,0.7668568123866355,0.7676666841801082,0.7683461548559876,0.7690248766663168,0.7699931826524726,0.7707667313033908,0.772085961835458,0.7725357825051679,0.7729531781323568,0.7737230093584985,0.774715946193026,0.7755794529129254,0.7765374784831256,0.7778125162836746,0.778576264125397,0.7791484488861129,0.7798787941842016,0.7806716573092118,0.781241881008054,0.782001350158384,0.7825071372956138,0.7833281460732441,0.7841165340452554,0.7849039009480392,0.7854387282189369,0.7861301591408979,0.7871031130416796,0.7878552971576227,0.7889192957091961,0.7895443051039893,0.789856567949644,0.7906676978602732,0.7911663144874503,0.7915088749774584,0.7918823559710526,0.7925975496756924,0.7930945765153854,0.7940874035989717,0.7947999897232998,0.7951714395787851,0.7956045084597807,0.7965005900764534,0.7969327041444398,0.7975494719573465,0.7981348159155544,0.7986888268585624,0.7990886283344427,0.7994267140992501,0.8000716222438226,0.8002864376870157,0.8007771557123501,0.8011755686174291,0.8019104050671707,0.8024915120108238,0.8029498826171277,0.8034384246505458,0.8039875580031615,0.8045361875637105,0.8052060516529979,0.8057535641547862,0.8059967420077377,0.8062701987429066,0.8067256817256817,0.806968463886063
0.0,0.00034102050385779445,0.0005114871488853843,0.000681924732557644,0.0010227127455575914,0.001363384602275148,0.0015336769905849273,0.0017039403620873268,0.002129471890971039,0.0023847038283013244,0.002639870561185387,0.002979991485738612,0.0032350061720512495,0.003404979782932539,0.0037448402059662112,0.0042544139544777706,0.004678860059549128,0.004933441075149917,0.005357598435241092,0.005612006292249479,0.0061206273643048415,0.006544280129185789,0.00696775289968985,0.007391045790502081,0.007814158916210134,0.008237092391304348,0.008828897661191052,0.009927032071949771,0.012035428232402424,0.016825906823370256,0.024259781830434233,0.036334714722257105,0.051100955546323226,0.06843448900601169,0.08975037667467524,0.11234960363768058,0.13701350277998411,0.16420772512033813,0.19075902499228634,0.21567135793077216,0.2368638652935428,0.25820585177484034,0.28143317702227433,0.3022691904020846,0.32104509663564784,0.3389398392408201,0.35495861972226117,0.3721979318481505,0.3896326810847923,0.4041503657084538,0.417981923647646,0.4325715049452018,0.4461227599456756,0.457922419460881,0.4697938413361169,0.47995852370305564,0.49139733076057246,0.501038504553443,0.5115496890468334,0.5214952092788704,0.531814340709211,0.5390843973839925,0.5479028014239282,0.5570149804669476,0.5630705139986522,0.5698606749794214,0.5778815254956648,0.5832502793633536,0.588748495788207,0.5935298174077295,0.5991160484978797,0.605197431018078,0.6115550819866217,0.6171623971936444,0.6219558767368761,0.62659562009603,0.6313639679066375,0.6364957563074061,0.6405262852837188,0.6446113839930656,0.6480878411481599,0.652592273445354,0.6567206918275013,0.6600971151099686,0.6635327635327636,0.666306541949791,0.6698990586367245,0.6734347604773485,0.676391749668463,0.6797816053135202,0.6822293387268947,0.685405223629638,0.6880156621451545,0.6904695438557311,0.6936422623854744,0.6959664192588886,0.6977764206201593,0.7006260040994958,0.7026384202666077,0.7049664577754465,0.7061451897616946,0.7087450796884032,0.7111929226880598,0.7133492416138676,0.7162365561971484,0.7179557256080896,0.7205782081003682,0.7224945533769063,0.7245438973327171,0.7261371350984386,0.7284850784701705,0.7303090997672278,0.7320250837928425,0.7337706157043755,0.7354431744662497,0.7367032020036086,0.7379607210115685,0.7392496237368308,0.7401976581802556,0.741414466623739,0.7429321756840046,0.7437401247958009,0.7448157760950419,0.7458560581755962,0.7466602543550284,0.7476974825809551,0.7488998533137752,0.7504328600729868,0.7517296434273549,0.7527916622354568,0.7535869911786587,0.7548111379502561,0.7557029177718833,0.7567911377308987,0.7576800847457628,0.7584363338009158,0.7595853826220318,0.7607977810064721,0.7616810094503986,0.7623344414542769,0.7634762896380842,0.7642255005268704,0.765103851317556,0.7658510918179426,0.7665001314751512,0.7675371761862225,0.7688310324917327,0.7696383140556561,0.771024364684307,0.7715714772042842,0.7726642421705345,0.7733702899877102,0.7743317743579025,0.7748759467223818,0.7755155311929001,0.7764736567553469,0.7771753297534018,0.7779080369936173,0.7787988441413063,0.7794343402804881,0.7800057215677095,0.7805765681457797,0.7812735444649399,0.7815267929037117,0.7820329741659093,0.7824123342071794,0.7832334708064224,0.7842425813139822,0.784840949124443,0.7856902487639461,0.7862243841854688,0.7868835501305955,0.7872912465746342,0.7882936405434726,0.7887942163697392,0.7893256252096936,0.7897629060137767,0.7899814279818407,0.7906365206630745,0.7914466056936751,0.792100113296941,0.79272184476014,0.7931256271064344,0.7937463035819897,0.7939633895516248,0.7946141788935427,0.7954808062652459,0.7956972684329431,0.7962844166174848,0.7973645080244065,0.798011632972045,0.7983811060734137,0.7988118710470387,0.7989963900765509,0.7995803265264343,0.8001943833444166,0.8008384672409826,0.801267472465694,0.8020327902344349,0.8026443412119046,0.803072055521535
0.0,0.0,0.0005114871488853843,0.0007671326287078077,0.0011930631897396566,0.0017039403620873268,0.001959281029048471,0.0022996337620304914,0.002724911653254992,0.0030650036184070497,0.0035749244584415032,0.0037448402059662112,0.003999659603438005,0.004339317621032928,0.004678860059549128,0.005103125664469487,0.005357598435241092,0.005612006292249479,0.005866349260329876,0.005866349260329876,0.006290110076926346,0.006459563979431388,0.006883072739632903,0.0070524258645594355,0.0074756827931869345,0.00772955066677992,0.008659846330177867,0.009927032071949771,0.0132141798314345,0.018752375723275753,0.026836039370741145,0.04100893677440909,0.05578580901856764,0.07761658880419638,0.09880846234903137,0.11931203143166419,0.1432077264091197,0.16729176433817783,0.18922257392109937,0.2124075908848411,0.23447497177267596,0.2580764946156703,0.27941607981220656,0.2991298042059463,0.3171904146936433,0.33280022745850657,0.3529370457497981,0.3692553709240075,0.38497555601459754,0.39914001979319524,0.4119837508463101,0.42578610020470486,0.4386233524164559,0.4513551880096398,0.461462774680223,0.4723850462420216,0.48133639807051054,0.49183384773662553,0.5023306302279548,0.5125408250626249,0.5218213329131873,0.5308947417869782,0.5373990583980295,0.5463729044653094,0.5531429276417248,0.5606455769997852,0.5668021142036601,0.5733402268787445,0.5802917498940742,0.5862817190042794,0.5924325621868155,0.5984463698834778,0.6049485517159341,0.6099093225863806,0.6163466359909152,0.6208619980008232,0.6253882670104906,0.6296047442376793,0.6340739015228722,0.6388695450324977,0.6430823522605652,0.6466447406381628,0.6508096292674509,0.6542544035802398,0.6587562544674768,0.6624276467736877,0.666306541949791,0.6690310682366293,0.67181970044452,0.6744468620192715,0.6766904567124602,0.6797816053135202,0.6820442221785182,0.6847048927519978,0.6872813768014552,0.6897380034634937,0.6917842601372078,0.6936422623854744,0.6961838850440535,0.69788486093377,0.6994011311966286,0.7013094875557155,0.7033556304936702,0.7057525175886329,0.70767789746274,0.7097750151273448,0.711440736162615,0.7133139502989742,0.715287287067974,0.716798424378368,0.7193207567774168,0.7214151380522772,0.7235374149659864,0.725341014075322,0.7273812430482082,0.7292428552079101,0.7306526680376664,0.7325732194963795,0.7344196838072627,0.736669180221911,0.7383340953712918,0.7399607832603615,0.7416170395407479,0.7429321756840046,0.7442445657993361,0.7455542184784062,0.7469280906079709,0.7480317062104673,0.7489999466638221,0.7498667519454216,0.7507988922028122,0.7514970856732228,0.7522940660159055,0.7539180789459704,0.7547119723918237,0.7559669035748382,0.7567911377308987,0.757614280417395,0.7582720101646461,0.7588962086938117,0.7596837735649506,0.7610596096453002,0.7619751392151171,0.7625303366044107,0.7633458993488519,0.764127828858972,0.7651688646713523,0.7656237665447465,0.7662405975487876,0.7667919766555378,0.7676666841801082,0.7683784919134635,0.7691863668564531,0.7699931826524726,0.7708311497746567,0.7720538191717711,0.7731457265404331,0.7738832692961133,0.7743958197256695,0.7751318606715756,0.7760267181547774,0.776633198591733,0.7775895765472313,0.7781945095587852,0.7787988441413063,0.7795931109839221,0.7801643436654878,0.7806716573092118,0.781685019738209,0.7825071372956138,0.78329658928803,0.7839274141283215,0.7845575851794274,0.7853443811496634,0.7860359194658662,0.7867580499159447,0.7873225964894139,0.7878866179168497,0.7884501149306542,0.7888880282962848,0.7896692295784096,0.7903558535327488,0.7906988734500271,0.791259759334175,0.7919134689672933,0.7925975496756924,0.7930635243265495,0.7939323820542487,0.79427337685704,0.7947070914696814,0.7950476484035859,0.7953570786574562,0.7958827455208173,0.7961299594518298,0.7972411671196349,0.7974569971032326,0.7977651913170507,0.7982579736134239,0.7987503521036593,0.7992115906414785,0.7995803265264343
